err_C_one,err_P_one,err_C_discr,err_P_discr
0,0,0,0,0
0.540945,0.498096,0.225211,0.0208155,0.0208155
0.480769,0.344943,0.241771,0.114609,0.114609
0.369393,0.2844,0.29855,0.0823723,0.0823723
0.291344,0.220602,0.235641,0.0918318,0.0918318
0.25106,0.209568,0.260267,0.0849137,0.0849137
0.213257,0.190479,0.225063,0.0861594,0.0861594
0.184736,0.168783,0.195124,0.0844027,0.0844027
0.164758,0.14966,0.177656,0.0859837,0.0859837
0.160085,0.134277,0.207444,0.0888949,0.0888949
0.150434,0.121461,0.198905,0.0846706,0.0846706
0.146443,0.112136,0.186511,0.0785698,0.0785698
0.150703,0.107955,0.180226,0.0733404,0.0733404
0.144376,0.103117,0.168513,0.0679374,0.0679374
0.136892,0.0988587,0.156887,0.0642434,0.0642434
0.138393,0.0925299,0.165661,0.0601038,0.0601038
0.130752,0.0884665,0.196792,0.0657786,0.0657786
0.128314,0.083624,0.188179,0.064514,0.064514
0.123298,0.0807583,0.189295,0.0644924,0.0644924
0.117724,0.0778757,0.182347,0.0612893,0.0612893
0.112346,0.0741834,0.173559,0.0585442,0.0585442
0.115834,0.0712937,0.167093,0.0564308,0.0564308
0.119508,0.0708675,0.160418,0.053969,0.053969
0.115267,0.0702472,0.15465,0.0528216,0.0528216
0.110624,0.0703781,0.148432,0.0516226,0.0516226
0.108526,0.0677129,0.14975,0.0530859,0.0530859
0.104614,0.0682813,0.145038,0.0516092,0.0516092
0.102043,0.0658459,0.141769,0.051377,0.051377
0.0991311,0.0635403,0.141036,0.0521107,0.0521107
0.0962446,0.0613867,0.138471,0.050348,0.050348
0.0933041,0.059517,0.13404,0.0497053,0.0497053
0.0911183,0.0578448,0.131495,0.0486137,0.0486137
0.0883423,0.0561126,0.127761,0.0482851,0.0482851
0.09816,0.0547691,0.123999,0.0469989,0.0469989
0.0963885,0.0532302,0.120548,0.045788,0.045788
0.0937077,0.052147,0.118537,0.0445584,0.0445584
0.0911726,0.0508242,0.115304,0.0433717,0.0433717
0.090059,0.050102,0.113586,0.0436789,0.0436789
0.0879837,0.0488569,0.112084,0.0426467,0.0426467
0.0886299,0.0480964,0.109473,0.0418273,0.0418273
0.0864852,0.0476729,0.106992,0.040802,0.040802
0.0845652,0.0467483,0.105036,0.039998,0.039998
0.0827799,0.0457125,0.104841,0.039065,0.039065
0.0808833,0.0458457,0.103011,0.0382115,0.0382115
0.0792939,0.0449111,0.100769,0.0384049,0.0384049
0.0795646,0.0442713,0.0986314,0.0377795,0.0377795
0.0779048,0.0436463,0.0965175,0.0369781,0.0369781
0.0766597,0.0433461,0.0944857,0.0361996,0.0361996
0.0769345,0.0424524,0.0939278,0.0357135,0.0357135
0.0753825,0.0416414,0.0920555,0.0349989,0.0349989
0.0746151,0.0409275,0.0910441,0.0344924,0.0344924
0.0747094,0.040334,0.0892906,0.0338648,0.0338648
0.0761355,0.0408998,0.0929327,0.03365,0.03365
0.0750515,0.040284,0.0914116,0.0335407,0.0335407
0.0762974,0.0398367,0.0899621,0.0333821,0.0333821
0.0786448,0.0398701,0.0904491,0.0332045,0.0332045
0.0775057,0.03952,0.090483,0.0329128,0.0329128
0.0762498,0.0393661,0.0896532,0.0323405,0.0323405
0.075211,0.0387434,0.0901123,0.0322381,0.0322381
0.0740184,0.0388283,0.0891494,0.031882,0.031882
0.0736509,0.0384576,0.0891806,0.0319846,0.0319846
0.0731555,0.038579,0.087818,0.0314685,0.0314685
0.071998,0.03832,0.0867618,0.0315253,0.0315253
0.0709604,0.0377276,0.0854293,0.0310545,0.0310545
0.0699067,0.0372924,0.0841167,0.0306205,0.0306205
0.0713293,0.037169,0.0829369,0.0301614,0.0301614
0.0707323,0.0366281,0.0842225,0.0317334,0.0317334
0.0696943,0.0360854,0.0836758,0.0315196,0.0315196
0.0689033,0.0359039,0.0824696,0.0312078,0.0312078
0.06792,0.0357233,0.0814062,0.0327656,0.0327656
0.0674763,0.0353466,0.0804074,0.0323011,0.0323011
0.0667141,0.035132,0.0806603,0.031852,0.031852
0.0657999,0.0346485,0.0795486,0.0314169,0.0314169
0.0649088,0.0344121,0.0788067,0.0317782,0.0317782
0.0641136,0.0340716,0.0777582,0.0313576,0.0313576
0.0632738,0.0340757,0.0790859,0.0312057,0.0312057
0.0627117,0.0336609,0.0781848,0.0308508,0.0308508
0.0619288,0.0332355,0.0771865,0.0304528,0.0304528
0.0614997,0.0329694,0.0784075,0.0301361,0.0301361
0.0615118,0.0328202,0.0774216,0.0302244,0.0302244
0.0608589,0.0324137,0.0764626,0.0299287,0.0299287
0.0612441,0.0320354,0.0764104,0.0296736,0.0296736
0.0605209,0.0316966,0.0755434,0.0294457,0.0294457
0.0598829,0.0313344,0.0746387,0.0291774,0.0291774
0.0617085,0.0310856,0.0739344,0.029389,0.029389
0.0609894,0.0309941,0.0730872,0.0291617,0.0291617
0.0602843,0.0307197,0.0722648,0.0288246,0.0288246
0.0601099,0.0306137,0.0716206,0.0285167,0.0285167
0.0594425,0.0303981,0.0708247,0.0283481,0.0283481
0.0588099,0.0301526,0.0703378,0.0290038,0.0290038
0.0582039,0.0298219,0.0722037,0.0297129,0.0297129
0.0576818,0.0295005,0.0719957,0.0295236,0.0295236
0.0572157,0.0292309,0.0712227,0.0292938,0.0292938
0.0566638,0.0290168,0.0713286,0.0289864,0.0289864
0.0561137,0.0288059,0.070574,0.0287864,0.0287864
0.0555583,0.0285572,0.0707542,0.0288383,0.0288383
0.0550308,0.0284439,0.0700362,0.0292187,0.0292187
0.0546737,0.0281625,0.0702204,0.0290057,0.0290057
0.0541383,0.028116,0.0698478,0.0288472,0.0288472
0.0545867,0.0278519,0.0703775,0.0297066,0.0297066
