chi^2
100.736
100.652
98.1866
101.6
101.737
101.827
98.6722
98.4479
99.1418
101.719
100.12
101.653
99.4824
99.9177
98.07
100.384
98.5588
100.218
98.3273
98.152
101.971
100.874
101.365
100.684
99.025
100.193
99.466
99.9908
100.392
100.965
98.896
99.0305
99.2615
101.706
98.5833
98.5426
101.468
99.3255
98.4891
99.6949
101.35
100.25
98.1958
100.894
101.731
99.4206
99.8119
99.4235
99.7959
101.347
98.8733
101.368
100.337
101.643
100.144
101.426
101.023
100.123
99.1703
99.0338
98.2305
101.011
99.4355
99.4973
101.143
100.166
100.887
99.4322
101.572
98.076
100.814
98.315
98.1945
101.391
101.756
100.376
99.7054
98.8124
100.432
99.7439
100.682
99.0786
101.464
101.904
101.397
101.807
100.705
101.433
100.581
100.065
101.106
98.3067
99.4301
100.388
98.9046
101.352
98.6045
98.012
99.949
100.379
