1,1.40737,1.40737,0
2,1.40712,1.40724,8.85948e-05
3,1.40715,1.40721,6.35731e-05
4,1.40715,1.4072,4.9415e-05
5,1.4071,1.40718,4.29206e-05
6,1.40713,1.40717,3.65104e-05
7,1.40716,1.40717,3.13178e-05
8,1.40704,1.40715,3.14097e-05
9,1.40688,1.40712,4.01888e-05
10,1.40702,1.40711,3.73712e-05
11,1.40716,1.40712,3.41895e-05
12,1.4072,1.40712,3.21129e-05
13,1.40707,1.40712,2.9922e-05
14,1.40716,1.40712,2.79566e-05
15,1.40721,1.40713,2.67453e-05
16,1.40713,1.40713,2.50742e-05
17,1.4071,1.40713,2.36522e-05
18,1.40703,1.40712,2.29262e-05
19,1.40712,1.40712,2.172e-05
20,1.40715,1.40712,2.06781e-05
21,1.40711,1.40712,1.97019e-05
22,1.40713,1.40712,1.88139e-05
23,1.40711,1.40712,1.80032e-05
24,1.40714,1.40712,1.7276e-05
25,1.4071,1.40712,1.66019e-05
26,1.40707,1.40712,1.60895e-05
27,1.40718,1.40712,1.56457e-05
28,1.40715,1.40712,1.51168e-05
29,1.4072,1.40713,1.48325e-05
30,1.40722,1.40713,1.46844e-05
31,1.4071,1.40713,1.42396e-05
32,1.40707,1.40713,1.39211e-05
33,1.40711,1.40713,1.35121e-05
34,1.40714,1.40713,1.31207e-05
35,1.40722,1.40713,1.29988e-05
36,1.40716,1.40713,1.26723e-05
37,1.40727,1.40713,1.28996e-05
38,1.4072,1.40714,1.26738e-05
39,1.40711,1.40714,1.2372e-05
40,1.4071,1.40713,1.20998e-05
41,1.40708,1.40713,1.18773e-05
42,1.40712,1.40713,1.15983e-05
43,1.40708,1.40713,1.13875e-05
44,1.40711,1.40713,1.11408e-05
45,1.40712,1.40713,1.0896e-05
46,1.40722,1.40713,1.08156e-05
47,1.40725,1.40713,1.08646e-05
48,1.40714,1.40714,1.06383e-05
49,1.40716,1.40714,1.04333e-05
50,1.4073,1.40714,1.07295e-05
51,1.40713,1.40714,1.05213e-05
52,1.40714,1.40714,1.0319e-05
53,1.40708,1.40714,1.01928e-05
54,1.40709,1.40714,1.00384e-05
55,1.40707,1.40714,9.93806e-06
56,1.40698,1.40713,1.01332e-05
57,1.40689,1.40713,1.0812e-05
58,1.40688,1.40712,1.14164e-05
59,1.40699,1.40712,1.14409e-05
60,1.40716,1.40712,1.12663e-05
1,-3.36268,-3.36268,0
2,-3.36478,-3.36373,0.000739875
3,-3.36441,-3.36396,0.000526689
4,-3.36358,-3.36386,0.000403173
5,-3.36508,-3.36411,0.000388986
6,-3.36214,-3.36378,0.000441173
7,-3.36094,-3.36337,0.000532765
8,-3.3629,-3.36331,0.000469406
9,-3.36362,-3.36335,0.000418475
10,-3.36228,-3.36324,0.000389962
11,-3.3636,-3.36327,0.000355893
12,-3.36426,-3.36336,0.00033553
13,-3.36217,-3.36326,0.00032196
14,-3.36412,-3.36332,0.0003047
15,-3.3653,-3.36346,0.000311537
16,-3.3648,-3.36354,0.000303096
17,-3.36503,-3.36363,0.000297585
18,-3.36268,-3.36357,0.000285711
19,-3.36112,-3.36345,0.000298357
20,-3.36295,-3.36342,0.000284464
21,-3.36252,-3.36338,0.00027412
22,-3.36396,-3.3634,0.000262949
23,-3.36333,-3.3634,0.000251538
24,-3.36402,-3.36343,0.000242367
25,-3.36411,-3.36345,0.0002342
26,-3.36445,-3.36349,0.000228328
27,-3.36282,-3.36347,0.000221208
28,-3.36384,-3.36348,0.000213706
29,-3.36236,-3.36344,0.000209797
30,-3.36239,-3.36341,0.000205714
31,-3.3615,-3.36335,0.000208055
32,-3.36326,-3.36334,0.000201573
33,-3.36317,-3.36334,0.00019553
34,-3.36278,-3.36332,0.000190473
35,-3.36476,-3.36336,0.000189384
36,-3.36231,-3.36333,0.000186378
37,-3.36213,-3.3633,0.000184147
38,-3.36279,-3.36329,0.000179797
39,-3.36351,-3.36329,0.000175276
40,-3.36287,-3.36328,0.000171206
41,-3.36268,-3.36327,0.000167661
42,-3.36214,-3.36324,0.000165805
43,-3.36315,-3.36324,0.000161961
44,-3.36246,-3.36322,0.00015925
45,-3.36346,-3.36323,0.000155796
46,-3.36463,-3.36326,0.000155359
47,-3.36317,-3.36326,0.000152064
48,-3.36324,-3.36325,0.000148897
49,-3.36451,-3.36328,0.000148053
50,-3.3638,-3.36329,0.000145456
51,-3.36345,-3.36329,0.000142638
52,-3.36203,-3.36327,0.000141955
53,-3.36267,-3.36326,0.000139728
54,-3.36363,-3.36327,0.000137315
55,-3.36238,-3.36325,0.000135768
56,-3.36309,-3.36325,0.000133372
57,-3.36294,-3.36324,0.000131137
58,-3.3629,-3.36324,0.000129011
59,-3.36465,-3.36326,0.000129026
60,-3.36461,-3.36328,0.000128811
1,-5.46415,-5.46415,0
2,-5.46291,-5.46353,0.000437735
3,-5.46274,-5.46327,0.00036157
4,-5.46283,-5.46316,0.000286857
5,-5.46333,-5.46319,0.000231468
6,-5.46264,-5.4631,0.000210159
7,-5.46431,-5.46327,0.000240717
8,-5.46349,-5.4633,0.00021216
9,-5.46394,-5.46337,0.000200246
10,-5.46392,-5.46343,0.000187656
11,-5.46261,-5.46335,0.000184699
12,-5.46223,-5.46326,0.000191533
13,-5.46235,-5.46319,0.000189189
14,-5.46217,-5.46312,0.000189112
15,-5.46293,-5.4631,0.000176923
16,-5.46212,-5.46304,0.000176251
17,-5.4627,-5.46302,0.000167019
18,-5.46366,-5.46306,0.000161432
19,-5.46369,-5.46309,0.000156275
20,-5.46285,-5.46308,0.000148913
21,-5.46241,-5.46305,0.000145235
22,-5.4629,-5.46304,0.000138781
23,-5.46213,-5.463,0.000138278
24,-5.46414,-5.46305,0.000140449
25,-5.46293,-5.46304,0.00013491
26,-5.46335,-5.46306,0.000130219
27,-5.46382,-5.46308,0.000128435
28,-5.4622,-5.46305,0.000127683
29,-5.46358,-5.46307,0.00012459
30,-5.46243,-5.46305,0.000122234
31,-5.46267,-5.46304,0.00011889
32,-5.46242,-5.46302,0.000116728
33,-5.46265,-5.46301,0.000113721
34,-5.46285,-5.463,0.000110466
35,-5.46308,-5.463,0.00010733
36,-5.46334,-5.46301,0.000104741
37,-5.46244,-5.463,0.000103069
38,-5.46331,-5.46301,0.000100676
39,-5.46214,-5.46298,0.000100505
40,-5.46201,-5.46296,0.000100898
41,-5.46283,-5.46296,9.84854e-05
42,-5.46389,-5.46298,9.85988e-05
43,-5.46433,-5.46301,0.000101191
44,-5.46386,-5.46303,0.000100729
45,-5.4626,-5.46302,9.89429e-05
46,-5.46254,-5.46301,9.73434e-05
47,-5.46267,-5.463,9.55388e-05
48,-5.46267,-5.463,9.37975e-05
49,-5.46233,-5.46298,9.28606e-05
50,-5.46245,-5.46297,9.16035e-05
51,-5.46382,-5.46299,9.13218e-05
52,-5.464,-5.46301,9.15998e-05
53,-5.46333,-5.46301,9.00707e-05
54,-5.46439,-5.46304,9.19615e-05
55,-5.46299,-5.46304,9.0294e-05
56,-5.46282,-5.46303,8.87645e-05
57,-5.46277,-5.46303,8.73243e-05
58,-5.46382,-5.46304,8.68861e-05
59,-5.46278,-5.46304,8.55287e-05
60,-5.46283,-5.46304,8.41714e-05
