beta,mu,err_mu,sigma,err_sigma,H,err_H
1,0.421422,0.210711,0.57694,0.28847,-0.00168852,0.000844258
2.5,0.346172,0.135798,0.714166,0.228854,-0.106904,0.033937
4,0.472504,0.103229,0.8816,0.183845,-0.294891,0.0573726
5.5,0.45505,0.093756,0.826569,0.168192,-0.278396,0.0566675
7,0.575761,0.0860476,0.783838,0.141972,-0.330251,0.0529337
8.5,0.474464,0.0803776,0.79622,0.132997,-0.256171,0.0488365
10,0.544484,0.073665,0.813244,0.119447,-0.311026,0.0447793
11.5,0.588734,0.0725621,0.777215,0.113516,-0.327782,0.0438011
13,0.623529,0.0690774,0.820384,0.104828,-0.327566,0.0409613
14.5,0.658916,0.0689599,0.772879,0.100676,-0.370204,0.0408068
16,0.678502,0.066556,0.721918,0.0934171,-0.360555,0.0389113
17.5,0.637729,0.0655085,0.722924,0.0900148,-0.360433,0.0382907
19,0.639392,0.0627013,0.753961,0.0848809,-0.363225,0.0366523
20.5,0.686495,0.0622357,0.749199,0.082475,-0.378429,0.0362371
22,0.662569,0.0599827,0.709255,0.0781897,-0.366891,0.0348293
23.5,0.697982,0.0595198,0.713103,0.0761033,-0.368542,0.0343021
25,0.69068,0.0577238,0.678824,0.0725344,-0.386036,0.0332363
26.5,0.673298,0.0570101,0.711222,0.0708481,-0.379723,0.0328198
28,0.691904,0.0554003,0.725471,0.0680882,-0.384462,0.0318468
29.5,0.690877,0.0548294,0.725999,0.0667438,-0.380431,0.0314546
31,0.672246,0.0532647,0.719018,0.0643886,-0.373198,0.0305191
32.5,0.659684,0.0525701,0.713479,0.0632067,-0.379103,0.030151
34,0.676053,0.0511987,0.713751,0.0611708,-0.385531,0.0293781
35.5,0.702063,0.0507538,0.706764,0.0601355,-0.389578,0.0290855
37,0.705592,0.0496342,0.720333,0.0583854,-0.389806,0.0284025
38.5,0.698842,0.049192,0.709664,0.0574905,-0.382575,0.0280986
40,0.71694,0.0482061,0.694078,0.0558882,-0.396272,0.0275021
41.5,0.726665,0.0478848,0.672209,0.055022,-0.416856,0.0273473
43,0.713761,0.0469547,0.669054,0.053556,-0.404623,0.0268207
44.5,0.705463,0.0465707,0.682931,0.0528101,-0.39723,0.0265954
46,0.715975,0.0457161,0.675512,0.0515129,-0.408199,0.0261177
47.5,0.714759,0.0453782,0.676615,0.0508365,-0.40658,0.0259307
49,0.708495,0.0445631,0.665269,0.0496543,-0.40358,0.0254708
50.5,0.711513,0.0442339,0.653281,0.0490125,-0.408877,0.0252976
52,0.725434,0.0435177,0.643112,0.0479144,-0.409702,0.0248837
53.5,0.734557,0.0432594,0.661671,0.0473462,-0.417204,0.0247379
55,0.730284,0.0425971,0.649723,0.0463557,-0.410786,0.0243509
56.5,0.712761,0.0422996,0.635927,0.045809,-0.410656,0.0241941
58,0.706043,0.0416287,0.63222,0.0448853,-0.402829,0.0238135
59.5,0.714394,0.0413508,0.639008,0.0443898,-0.411,0.0236646
61,0.72312,0.0407544,0.652158,0.0435631,-0.40984,0.0233208
62.5,0.728286,0.0405155,0.644044,0.0431134,-0.414775,0.0231856
64,0.729857,0.0399649,0.634176,0.0423334,-0.41637,0.022873
65.5,0.741369,0.0397586,0.622753,0.0419,-0.430992,0.0227728
67,0.735766,0.0392466,0.622222,0.0411684,-0.422539,0.0224861
68.5,0.738934,0.0390431,0.628793,0.040773,-0.423362,0.0223739
70,0.737138,0.0385591,0.61579,0.040089,-0.429574,0.0221124
71.5,0.743546,0.0383698,0.628742,0.0397225,-0.426201,0.0220076
73,0.737452,0.0379097,0.619286,0.0390882,-0.425575,0.0217512
74.5,0.746399,0.0377309,0.619203,0.0387402,-0.436266,0.0216646
76,0.743579,0.0373009,0.619396,0.038148,-0.435659,0.0214338
77.5,0.744275,0.037125,0.618757,0.0378231,-0.440143,0.0213539
79,0.751763,0.0367251,0.62969,0.0372759,-0.438049,0.021135
80.5,0.741518,0.0365514,0.626659,0.0369773,-0.426543,0.0210375
82,0.750596,0.0361674,0.633849,0.0364665,-0.4296,0.0208162
83.5,0.741656,0.0359998,0.642107,0.0361971,-0.43108,0.0207273
85,0.745533,0.0356263,0.649521,0.0357272,-0.434267,0.0205208
86.5,0.754887,0.0354794,0.660577,0.0354872,-0.429661,0.0204326
88,0.763698,0.0351414,0.651683,0.0350448,-0.432992,0.0202326
89.5,0.77353,0.035019,0.661078,0.0348187,-0.441437,0.0201603
91,0.767595,0.0346973,0.65529,0.0344023,-0.429714,0.0199642
92.5,0.75747,0.0345601,0.664266,0.0341906,-0.422503,0.0198737
94,0.767731,0.0342503,0.661756,0.0337999,-0.434954,0.0196909
95.5,0.767089,0.0341262,0.655248,0.0335931,-0.429212,0.0196098
97,0.761228,0.033821,0.65542,0.0332178,-0.43036,0.0194294
98.5,0.76839,0.0337012,0.65674,0.0330225,-0.431827,0.0193532
100,0.768737,0.0334137,0.662548,0.0326697,-0.430287,0.0191795
101.5,0.775097,0.0333027,0.661815,0.032487,-0.432188,0.0191059
103,0.76975,0.0330256,0.653063,0.032145,-0.426584,0.0189354
104.5,0.762409,0.0329062,0.661546,0.0319707,-0.429999,0.0188623
106,0.756019,0.0326273,0.666716,0.0316521,-0.426895,0.0186984
107.5,0.762766,0.0325115,0.669798,0.0314906,-0.424905,0.0186235
109,0.769218,0.0322525,0.671153,0.0311884,-0.430504,0.0184684
110.5,0.777157,0.032151,0.672428,0.0310354,-0.429422,0.0183993
112,0.770713,0.0319013,0.676291,0.0307487,-0.431227,0.0182501
113.5,0.776961,0.0318019,0.677868,0.0306052,-0.433492,0.0181861
115,0.77484,0.0315629,0.679473,0.0303319,-0.430677,0.0180415
116.5,0.770857,0.0314613,0.685687,0.0301985,-0.422619,0.0179718
118,0.765625,0.0312233,0.684985,0.0299388,-0.419569,0.0178249
119.5,0.769019,0.0311229,0.692359,0.0298142,-0.426557,0.0177601
121,0.767314,0.0308934,0.694938,0.0295696,-0.426938,0.0176228
122.5,0.770494,0.0307965,0.688475,0.0294475,-0.427775,0.0175607
124,0.774615,0.0305787,0.689305,0.0292088,-0.42881,0.0174291
125.5,0.769609,0.0304835,0.686181,0.0290898,-0.424758,0.0173671
127,0.776484,0.0302732,0.682641,0.0288563,-0.428666,0.0172396
128.5,0.783313,0.0301887,0.686411,0.0287418,-0.42902,0.0171819
130,0.788733,0.0299918,0.690409,0.0285202,-0.424395,0.017056
131.5,0.794659,0.0299158,0.696753,0.0284146,-0.427539,0.0169991
133,0.791987,0.0297258,0.695232,0.0282027,-0.423342,0.0168766
134.5,0.791777,0.0296493,0.693681,0.0280991,-0.432539,0.016824
136,0.788453,0.029462,0.688273,0.027891,-0.427865,0.0167076
137.5,0.781484,0.029381,0.682822,0.0277859,-0.430592,0.0166554
139,0.782916,0.0291956,0.677002,0.0275798,-0.428673,0.0165428
140.5,0.789141,0.0291204,0.673486,0.0274744,-0.429717,0.0164916
142,0.792531,0.0289448,0.680211,0.0272763,-0.437523,0.0163867
143.5,0.795943,0.0288746,0.683617,0.0271784,-0.432297,0.0163381
145,0.795281,0.0287047,0.689146,0.0269902,-0.428979,0.0162318
146.5,0.790441,0.0286328,0.686285,0.0268964,-0.421187,0.0161793
148,0.788383,0.0284634,0.687974,0.0267135,-0.428199,0.0160757
149.5,0.786667,0.0283911,0.684255,0.0266218,-0.419813,0.016024
151,0.780513,0.0282221,0.688175,0.0264445,-0.425401,0.0159222
152.5,0.781518,0.0281488,0.687775,0.0263568,-0.421666,0.0158727
154,0.778945,0.0279834,0.682483,0.0261826,-0.435388,0.015778
155.5,0.776151,0.0279093,0.679314,0.0260944,-0.432432,0.0157343
157,0.777081,0.0277472,0.676029,0.025923,-0.432029,0.0156406
158.5,0.778463,0.0276756,0.673978,0.0258356,-0.431672,0.0155976
160,0.77462,0.0275165,0.675766,0.0256691,-0.4319,0.0155062
161.5,0.770047,0.0274431,0.674771,0.0255846,-0.433441,0.0154649
163,0.774188,0.0272877,0.678627,0.0254238,-0.426394,0.0153737
164.5,0.77589,0.0272183,0.67818,0.0253427,-0.43288,0.0153332
166,0.770396,0.0270652,0.673779,0.0251848,-0.422681,0.0152429
167.5,0.770908,0.0269954,0.679683,0.0251065,-0.422784,0.0151995
169,0.775659,0.026848,0.683013,0.0249558,-0.422134,0.0151114
170.5,0.773492,0.0267806,0.683454,0.0248808,-0.427701,0.0150709
172,0.772938,0.0266357,0.677971,0.0247326,-0.42581,0.0149862
173.5,0.777713,0.0265713,0.676304,0.0246574,-0.425164,0.0149458
175,0.782713,0.0264333,0.671073,0.0245111,-0.436314,0.0148669
176.5,0.779875,0.026371,0.667425,0.0244354,-0.434822,0.0148307
178,0.781711,0.0262356,0.666164,0.0242915,-0.430097,0.0147515
179.5,0.782724,0.0261756,0.665322,0.0242173,-0.424246,0.0147125
181,0.777549,0.0260417,0.668964,0.0240779,-0.43095,0.0146354
182.5,0.782639,0.0259828,0.663558,0.0240052,-0.431084,0.0145995
184,0.781869,0.0258534,0.665138,0.0238684,-0.433104,0.0145249
185.5,0.779529,0.0257945,0.664856,0.0237979,-0.433249,0.0144905
187,0.775857,0.0256659,0.669288,0.0236656,-0.430758,0.0144167
188.5,0.771008,0.0256055,0.673354,0.023599,-0.433201,0.014383
190,0.772278,0.0254785,0.671734,0.0234706,-0.440078,0.0143139
191.5,0.767534,0.0254183,0.670453,0.023405,-0.433119,0.0142808
193,0.76298,0.0252914,0.666554,0.0232784,-0.423804,0.0142081
194.5,0.767845,0.0252325,0.665575,0.0232131,-0.428684,0.0141744
196,0.767507,0.0251096,0.665006,0.0230892,-0.43527,0.0141067
197.5,0.765648,0.0250513,0.665624,0.0230256,-0.428845,0.0140737
199,0.760654,0.0249291,0.662505,0.022904,-0.425988,0.0140048
200.5,0.763028,0.0248713,0.658694,0.0228403,-0.427065,0.013972
202,0.764557,0.0247528,0.659151,0.0227208,-0.433493,0.0139066
203.5,0.767616,0.0246974,0.657856,0.0226585,-0.433753,0.0138763
205,0.772348,0.0245835,0.657007,0.0225413,-0.435693,0.0138129
206.5,0.774664,0.0245311,0.653095,0.0224794,-0.437398,0.0137841
208,0.776054,0.0244204,0.652737,0.022364,-0.441364,0.0137236
209.5,0.774813,0.024369,0.648997,0.0223028,-0.445467,0.0136976
211,0.774085,0.02426,0.651088,0.0221897,-0.44431,0.013639
212.5,0.774506,0.0242094,0.648621,0.0221298,-0.447319,0.0136139
214,0.77274,0.0241022,0.644885,0.022018,-0.444042,0.0135563
215.5,0.772223,0.024052,0.644111,0.0219586,-0.440746,0.0135298
217,0.774992,0.0239474,0.647856,0.0218499,-0.442578,0.0134728
218.5,0.7784,0.0238996,0.648984,0.0217928,-0.443448,0.0134475
220,0.774712,0.0237969,0.648819,0.0216867,-0.44782,0.0133929
221.5,0.776657,0.0237496,0.644994,0.0216301,-0.439851,0.013367
223,0.772724,0.0236483,0.648978,0.0215262,-0.44229,0.013312
224.5,0.769315,0.0236001,0.650788,0.021472,-0.437919,0.0132861
226,0.766499,0.0234993,0.654733,0.0213714,-0.434029,0.01323
227.5,0.76316,0.0234505,0.653874,0.0213188,-0.437068,0.0132043
229,0.764672,0.0233512,0.652329,0.0212199,-0.431984,0.0131488
230.5,0.768972,0.0233046,0.652575,0.0211683,-0.433699,0.0131228
232,0.765983,0.0232074,0.648463,0.0210707,-0.433483,0.0130686
233.5,0.766438,0.0231611,0.644581,0.0210187,-0.443476,0.0130453
235,0.767023,0.0230659,0.641595,0.020922,-0.44198,0.012994
236.5,0.765392,0.0230202,0.643488,0.0208709,-0.44081,0.0129705
238,0.76608,0.0229266,0.641893,0.0207762,-0.447699,0.0129214
239.5,0.762812,0.0228811,0.639037,0.0207255,-0.4469,0.0128995
241,0.763314,0.0227886,0.637218,0.020632,-0.44271,0.0128501
242.5,0.762513,0.0227439,0.633678,0.0205815,-0.440855,0.0128273
244,0.761435,0.0226526,0.636877,0.0204897,-0.442779,0.0127786
245.5,0.76126,0.0226084,0.639048,0.0204411,-0.440288,0.012756
247,0.760591,0.0225186,0.635628,0.0203509,-0.441377,0.0127079
248.5,0.761617,0.0224753,0.635722,0.0203028,-0.441624,0.0126859
250,0.764121,0.0223877,0.632596,0.020214,-0.437428,0.0126378
251.5,0.76234,0.0223452,0.635198,0.0201667,-0.440158,0.0126158
253,0.758632,0.0222582,0.637473,0.0200803,-0.443518,0.0125697
254.5,0.761454,0.0222163,0.638812,0.0200345,-0.44316,0.0125487
256,0.761855,0.0221313,0.638056,0.0199498,-0.444959,0.0125036
257.5,0.76255,0.0220903,0.636808,0.0199045,-0.437158,0.0124816
259,0.763985,0.0220071,0.636296,0.0198212,-0.440949,0.0124365
260.5,0.761516,0.0219666,0.633948,0.0197764,-0.436969,0.0124149
262,0.759477,0.021884,0.630552,0.0196938,-0.438589,0.01237
263.5,0.760483,0.021844,0.626984,0.019649,-0.44303,0.0123498
265,0.760482,0.0217629,0.627826,0.0195676,-0.435913,0.0123051
266.5,0.759114,0.0217233,0.630215,0.019524,-0.438856,0.0122845
268,0.761724,0.0216438,0.632138,0.0194446,-0.437642,0.0122408
269.5,0.758365,0.0216047,0.633912,0.0194023,-0.444734,0.0122215
271,0.758258,0.0215259,0.631065,0.0193242,-0.436228,0.0121783
272.5,0.760681,0.0214878,0.628646,0.0192821,-0.428236,0.0121564
274,0.761122,0.0214108,0.628239,0.019205,-0.432926,0.0121133
275.5,0.761882,0.0213735,0.626826,0.0191634,-0.433982,0.0120927
277,0.762094,0.0212979,0.629691,0.0190878,-0.434473,0.0120505
278.5,0.762674,0.0212612,0.626526,0.0190469,-0.436443,0.0120306
280,0.76588,0.0211874,0.628206,0.0189725,-0.440083,0.01199
281.5,0.767018,0.0211521,0.631145,0.0189329,-0.443396,0.0119716
283,0.766878,0.0210795,0.632503,0.0188603,-0.442161,0.011932
284.5,0.768112,0.0210448,0.633387,0.0188217,-0.442434,0.0119137
286,0.766928,0.0209734,0.63283,0.0187504,-0.442144,0.0118746
287.5,0.76711,0.0209391,0.630738,0.0187121,-0.442881,0.0118566
289,0.764352,0.0208683,0.632068,0.0186419,-0.44477,0.0118185
290.5,0.765114,0.0208342,0.630168,0.0186042,-0.442088,0.0118006
292,0.768288,0.0207651,0.62953,0.0185348,-0.433692,0.0117613
293.5,0.76633,0.0207317,0.628753,0.0184976,-0.438107,0.011743
295,0.763669,0.0206629,0.62788,0.0184292,-0.438347,0.0117049
296.5,0.765755,0.0206298,0.62675,0.0183924,-0.437481,0.0116868
298,0.764966,0.0205622,0.625521,0.0183248,-0.434937,0.0116488
299.5,0.762634,0.0205292,0.627587,0.0182887,-0.434483,0.0116305
301,0.759477,0.0204618,0.626626,0.0182224,-0.440221,0.0115938
302.5,0.758713,0.0204287,0.62866,0.018187,-0.446406,0.0115775
304,0.760914,0.0203625,0.625707,0.0181216,-0.43745,0.011541
305.5,0.757918,0.0203298,0.627735,0.0180867,-0.435233,0.0115232
307,0.758541,0.0202642,0.625092,0.0180223,-0.43769,0.0114872
308.5,0.758639,0.020232,0.624142,0.0179876,-0.43737,0.01147
310,0.75758,0.0201672,0.625546,0.0179243,-0.438669,0.0114346
311.5,0.75697,0.0201353,0.622443,0.01789,-0.432339,0.0114169
313,0.754659,0.0200711,0.623771,0.0178274,-0.433938,0.0113813
314.5,0.751998,0.0200389,0.626191,0.017794,-0.436739,0.0113645
316,0.749579,0.019975,0.628334,0.0177329,-0.436703,0.0113298
317.5,0.750973,0.0199432,0.626638,0.0177001,-0.442867,0.0113141
319,0.74911,0.01988,0.623984,0.0176395,-0.440758,0.0112804
320.5,0.749744,0.0198485,0.625878,0.0176071,-0.432298,0.0112634
322,0.751183,0.0197866,0.628151,0.0175478,-0.432698,0.0112291
323.5,0.751549,0.0197557,0.628161,0.0175162,-0.437004,0.0112129
325,0.750361,0.0196945,0.626391,0.0174576,-0.437198,0.0111797
326.5,0.747489,0.0196636,0.627174,0.0174263,-0.436832,0.0111637
328,0.748344,0.019603,0.625718,0.0173686,-0.435856,0.0111307
329.5,0.750458,0.0195729,0.625278,0.0173376,-0.43975,0.0111153
331,0.750862,0.0195134,0.626974,0.0172808,-0.441123,0.0110834
332.5,0.750244,0.0194837,0.626095,0.0172504,-0.438637,0.0110681
334,0.752869,0.0194252,0.626898,0.0171944,-0.439383,0.0110364
335.5,0.754847,0.0193964,0.629435,0.0171647,-0.438751,0.0110212
337,0.756574,0.0193392,0.629156,0.0171097,-0.439877,0.01099
338.5,0.756077,0.0193109,0.62857,0.0170804,-0.439484,0.0109751
340,0.756947,0.0192545,0.629326,0.0170263,-0.439917,0.0109443
341.5,0.759588,0.019227,0.627248,0.0169973,-0.434448,0.010929
343,0.759486,0.0191716,0.624466,0.0169434,-0.442039,0.0108988
344.5,0.760448,0.0191446,0.622262,0.0169144,-0.442734,0.0108847
346,0.760311,0.01909,0.620892,0.016861,-0.439905,0.0108545
347.5,0.75755,0.0190629,0.618814,0.016832,-0.439248,0.0108402
349,0.756116,0.0190086,0.616418,0.016779,-0.43303,0.0108096
350.5,0.755021,0.0189816,0.616209,0.0167502,-0.435578,0.010795
352,0.755581,0.0189278,0.613617,0.0166977,-0.435148,0.0107651
353.5,0.757395,0.0189015,0.6131,0.0166691,-0.435414,0.0107506
355,0.760153,0.0188489,0.61409,0.0166173,-0.437018,0.0107213
356.5,0.762807,0.0188235,0.614044,0.0165892,-0.43404,0.0107068
358,0.763005,0.0187718,0.616425,0.0165383,-0.434606,0.0106776
359.5,0.762907,0.0187467,0.613849,0.0165106,-0.434338,0.0106633
361,0.764765,0.0186959,0.611737,0.01646,-0.432782,0.0106342
362.5,0.763889,0.0186712,0.613285,0.0164326,-0.439569,0.0106207
364,0.766436,0.0186212,0.615679,0.016383,-0.441406,0.0105929
365.5,0.766525,0.0185971,0.616249,0.0163563,-0.442191,0.0105799
367,0.764165,0.0185474,0.613761,0.0163072,-0.439376,0.0105522
368.5,0.765921,0.0185235,0.614837,0.0162807,-0.436779,0.0105387
370,0.764848,0.0184745,0.61594,0.0162325,-0.442152,0.0105116
371.5,0.766898,0.0184509,0.613913,0.0162062,-0.441377,0.0104988
373,0.765627,0.0184026,0.613722,0.0161584,-0.443356,0.0104721
374.5,0.763303,0.018379,0.611525,0.0161324,-0.440864,0.0104593
376,0.760903,0.0183307,0.610655,0.016085,-0.441418,0.0104328
377.5,0.761485,0.0183071,0.611536,0.0160593,-0.435235,0.0104196
379,0.759278,0.0182593,0.613542,0.0160127,-0.433303,0.0103925
380.5,0.75791,0.0182356,0.615574,0.0159877,-0.434458,0.0103793
382,0.759159,0.0181883,0.614089,0.0159417,-0.434609,0.0103527
383.5,0.75709,0.0181649,0.614176,0.0159169,-0.437402,0.01034
385,0.75836,0.018118,0.613995,0.0158715,-0.441126,0.0103143
386.5,0.758986,0.018095,0.615099,0.0158471,-0.431627,0.0103011
388,0.761097,0.018049,0.613151,0.0158023,-0.4356,0.0102752
389.5,0.76084,0.0180264,0.613665,0.015778,-0.433381,0.0102624
391,0.758452,0.0179807,0.612724,0.0157337,-0.435439,0.0102367
392.5,0.758872,0.0179582,0.61085,0.0157096,-0.431079,0.0102238
394,0.757998,0.0179129,0.612147,0.0156658,-0.430826,0.0101979
395.5,0.756416,0.0178904,0.613464,0.0156422,-0.436457,0.0101857
397,0.757672,0.0178456,0.614432,0.0155991,-0.437381,0.0101608
398.5,0.759972,0.0178237,0.615668,0.0155759,-0.437904,0.0101488
400,0.75771,0.0177794,0.614896,0.0155333,-0.437364,0.0101242
401.5,0.756564,0.0177574,0.615898,0.0155105,-0.434915,0.010112
403,0.757757,0.0177136,0.617746,0.0154687,-0.436362,0.0100875
404.5,0.758388,0.017692,0.617784,0.0154462,-0.435801,0.0100756
406,0.756612,0.0176486,0.618247,0.0154049,-0.434597,0.0100512
407.5,0.758634,0.0176273,0.617624,0.0153828,-0.43874,0.0100397
409,0.757756,0.0175845,0.618425,0.015342,-0.437226,0.0100158
410.5,0.758847,0.0175634,0.617816,0.0153201,-0.438758,0.0100044
412,0.758506,0.0175211,0.620146,0.0152799,-0.434306,0.00998055
413.5,0.756968,0.0175001,0.620838,0.0152585,-0.431312,0.0099686
415,0.757618,0.0174581,0.623018,0.015219,-0.437855,0.00994528
416.5,0.755319,0.0174372,0.620881,0.0151978,-0.437101,0.00993397
418,0.757309,0.0173957,0.618745,0.0151584,-0.434617,0.0099106
419.5,0.75717,0.0173752,0.617238,0.0151373,-0.434746,0.0098992
421,0.75725,0.0173341,0.617464,0.0150983,-0.434752,0.00987608
422.5,0.756153,0.0173137,0.618832,0.0150775,-0.434894,0.00986481
424,0.756534,0.017273,0.618636,0.015039,-0.434077,0.00984188
425.5,0.756571,0.0172528,0.619071,0.0150185,-0.434122,0.00983066
427,0.758175,0.0172127,0.618682,0.0149805,-0.433302,0.0098079
428.5,0.756814,0.0171927,0.61714,0.0149601,-0.43831,0.00979715
430,0.755238,0.0171528,0.616887,0.0149223,-0.435585,0.00977481
431.5,0.757184,0.0171331,0.618568,0.0149022,-0.434617,0.00976385
433,0.758916,0.0170938,0.619134,0.0148651,-0.433272,0.00974155
434.5,0.758372,0.0170744,0.621433,0.0148454,-0.437589,0.00973096
436,0.756745,0.0170354,0.623076,0.0148089,-0.439636,0.00970941
437.5,0.757995,0.0170162,0.622826,0.0147896,-0.442707,0.00969935
439,0.758668,0.0169777,0.624639,0.0147536,-0.436391,0.00967774
440.5,0.760104,0.0169588,0.626129,0.0147347,-0.443011,0.0096678
442,0.759859,0.0169208,0.624597,0.0146991,-0.442067,0.00964687
443.5,0.760125,0.0169021,0.624497,0.0146803,-0.440146,0.00963678
445,0.75914,0.0168645,0.624608,0.0146451,-0.442175,0.00961607
446.5,0.760063,0.016846,0.624878,0.0146265,-0.437827,0.00960588
448,0.760051,0.0168087,0.626465,0.0145918,-0.43924,0.00958512
449.5,0.759102,0.0167904,0.625117,0.0145734,-0.436209,0.0095749
451,0.759501,0.0167535,0.624964,0.014539,-0.440372,0.00955444
452.5,0.760231,0.0167353,0.624345,0.0145207,-0.442618,0.00954483
454,0.761051,0.0166989,0.622705,0.0144865,-0.440317,0.00952455
455.5,0.760834,0.016681,0.622252,0.0144684,-0.441716,0.00951495
457,0.759254,0.0166448,0.623968,0.0144346,-0.441955,0.009495
458.5,0.761115,0.0166271,0.622715,0.0144167,-0.442075,0.00948551
460,0.759735,0.0165913,0.62458,0.0143833,-0.442056,0.00946575
461.5,0.759507,0.0165736,0.62408,0.0143656,-0.441975,0.00945634
463,0.759376,0.0165381,0.624608,0.0143326,-0.44202,0.00943676
464.5,0.759677,0.0165206,0.624506,0.0143151,-0.442055,0.00942744
466,0.759976,0.0164855,0.622391,0.0142823,-0.441917,0.00940803
467.5,0.761573,0.0164683,0.623466,0.014265,-0.432156,0.00939805
469,0.760439,0.0164336,0.624514,0.0142326,-0.43668,0.00937842
470.5,0.762118,0.0164166,0.625844,0.0142156,-0.436641,0.00936887
472,0.763061,0.0163823,0.624042,0.0141835,-0.436092,0.00934938
473.5,0.762026,0.0163655,0.623755,0.0141666,-0.436289,0.00933988
475,0.760166,0.0163314,0.623528,0.0141348,-0.442113,0.00932102
476.5,0.760835,0.0163146,0.621794,0.0141179,-0.440159,0.00931189
478,0.761174,0.0162809,0.621373,0.0140863,-0.443122,0.00929327
479.5,0.760131,0.0162642,0.622112,0.0140696,-0.440542,0.00928425
481,0.760425,0.0162308,0.621256,0.0140383,-0.440027,0.00926557
482.5,0.761803,0.0162144,0.621085,0.0140218,-0.437138,0.00925638
484,0.762174,0.0161813,0.62077,0.0139908,-0.435301,0.00923754
485.5,0.761084,0.016165,0.622311,0.0139744,-0.440167,0.00922864
487,0.759385,0.0161321,0.623966,0.0139439,-0.441964,0.00921044
488.5,0.759011,0.0161158,0.623355,0.0139278,-0.441669,0.00920173
490,0.758455,0.0160831,0.621985,0.0138975,-0.441088,0.00918362
491.5,0.758534,0.016067,0.622642,0.0138815,-0.438713,0.00917478
493,0.756997,0.0160344,0.623115,0.0138515,-0.437007,0.00915654
494.5,0.757842,0.0160184,0.623722,0.0138357,-0.437098,0.00914766
496,0.75695,0.0159862,0.624941,0.0138061,-0.439505,0.00912976
497.5,0.757311,0.0159702,0.623916,0.0137905,-0.438112,0.00912103
499,0.756292,0.0159382,0.623819,0.0137612,-0.43586,0.00910303
500.5,0.754344,0.0159222,0.623281,0.0137457,-0.441064,0.00909458
502,0.755509,0.0158905,0.621617,0.0137165,-0.440161,0.00907703
503.5,0.754648,0.0158747,0.623008,0.0137011,-0.441109,0.00906865
505,0.755331,0.0158432,0.622633,0.0136722,-0.441832,0.00905136
506.5,0.755509,0.0158276,0.621802,0.013657,-0.440171,0.00904299
508,0.754653,0.0157964,0.623247,0.0136284,-0.4411,0.0090258
509.5,0.754875,0.0157808,0.622019,0.0136133,-0.441623,0.00901759
511,0.755001,0.0157499,0.621373,0.0135849,-0.441854,0.00900059
512.5,0.754837,0.0157345,0.62028,0.0135698,-0.440433,0.00899237
514,0.753577,0.0157037,0.6196,0.0135416,-0.439797,0.00897539
515.5,0.752358,0.0156883,0.618833,0.0135266,-0.439033,0.00896714
517,0.750509,0.0156576,0.617777,0.0134985,-0.438014,0.00895018
518.5,0.752015,0.0156423,0.615968,0.0134836,-0.433861,0.00894167
520,0.750324,0.0156119,0.614495,0.0134556,-0.433365,0.00892457
521.5,0.749701,0.0155966,0.613361,0.0134406,-0.436318,0.00891629
523,0.75069,0.0155665,0.614206,0.0134129,-0.432433,0.00889927
524.5,0.752235,0.0155515,0.612426,0.013398,-0.42911,0.00889062
526,0.751182,0.0155216,0.612045,0.0133704,-0.435443,0.00887393
527.5,0.751244,0.0155067,0.611772,0.0133556,-0.435088,0.00886572
529,0.7518,0.0154771,0.612157,0.0133283,-0.433616,0.00884906
530.5,0.7508,0.0154623,0.611785,0.0133137,-0.436063,0.00884097
532,0.749046,0.0154329,0.612333,0.0132866,-0.434193,0.00882448
533.5,0.749495,0.015418,0.611278,0.0132721,-0.433509,0.00881631
535,0.748797,0.0153888,0.611841,0.0132452,-0.434193,0.00879996
536.5,0.747348,0.015374,0.613509,0.013231,-0.437811,0.00879211
538,0.746458,0.015345,0.613955,0.0132045,-0.436106,0.00877601
539.5,0.7464,0.0153302,0.614847,0.0131904,-0.441749,0.00876846
541,0.747939,0.0153015,0.613097,0.0131641,-0.43973,0.0087527
542.5,0.748569,0.015287,0.613914,0.0131501,-0.439314,0.00874507
544,0.74932,0.0152586,0.614004,0.013124,-0.437539,0.00872931
545.5,0.750338,0.0152443,0.614889,0.0131102,-0.433342,0.00872138
547,0.749035,0.0152161,0.615829,0.0130845,-0.435809,0.00870565
548.5,0.750748,0.015202,0.616955,0.0130709,-0.437723,0.00869804
550,0.749839,0.015174,0.617085,0.0130455,-0.43681,0.00868249
551.5,0.748854,0.0151599,0.616118,0.0130319,-0.434288,0.00867474
553,0.747346,0.0151321,0.614608,0.0130066,-0.437662,0.00865937
554.5,0.74752,0.015118,0.614501,0.0129931,-0.436266,0.0086518
556,0.747973,0.0150904,0.61478,0.012968,-0.436576,0.00863648
557.5,0.749078,0.0150766,0.615282,0.0129547,-0.4363,0.00862897
559,0.747543,0.0150492,0.615241,0.0129299,-0.441245,0.00861404
560.5,0.746218,0.0150353,0.615802,0.0129167,-0.441307,0.00860687
562,0.746437,0.0150081,0.614704,0.012892,-0.441754,0.00859209
563.5,0.745228,0.0149942,0.615391,0.0128789,-0.441265,0.00858497
565,0.74413,0.0149671,0.614226,0.0128544,-0.439637,0.00857018
566.5,0.745786,0.0149534,0.615981,0.0128415,-0.438095,0.00856293
568,0.74582,0.0149266,0.615909,0.0128173,-0.438098,0.00854817
569.5,0.747266,0.0149131,0.615088,0.0128044,-0.441242,0.00854116
571,0.748094,0.0148867,0.616257,0.0127805,-0.441667,0.0085267
572.5,0.747424,0.0148733,0.615258,0.0127677,-0.441236,0.00851974
574,0.747584,0.014847,0.61687,0.0127439,-0.440382,0.00850533
575.5,0.748021,0.0148337,0.617195,0.0127314,-0.438105,0.00849824
577,0.746328,0.0148076,0.615479,0.0127078,-0.437314,0.00848377
578.5,0.744945,0.0147943,0.614051,0.0126952,-0.439534,0.00847682
580,0.746584,0.0147684,0.614434,0.0126717,-0.439706,0.00846258
581.5,0.747646,0.0147553,0.613369,0.0126592,-0.440562,0.00845573
583,0.748461,0.0147297,0.614477,0.0126359,-0.439227,0.00844158
584.5,0.749432,0.0147168,0.613836,0.0126236,-0.437726,0.00843463
586,0.74854,0.0146914,0.613512,0.0126004,-0.439041,0.00842057
587.5,0.749068,0.0146786,0.614906,0.0125882,-0.437429,0.00841366
589,0.747988,0.0146533,0.614861,0.0125653,-0.437833,0.00839964
590.5,0.746444,0.0146405,0.616127,0.0125532,-0.434242,0.00839262
592,0.745895,0.0146154,0.615362,0.0125306,-0.437394,0.00837868
593.5,0.744638,0.0146026,0.616291,0.0125186,-0.437083,0.00837185
595,0.743115,0.0145775,0.616513,0.0124962,-0.442976,0.00835831
596.5,0.743336,0.0145647,0.616279,0.0124843,-0.443231,0.00835185
598,0.74304,0.0145398,0.616811,0.012462,-0.442959,0.00833841
599.5,0.744213,0.0145272,0.617538,0.0124503,-0.44216,0.00833194
601,0.743111,0.0145024,0.617453,0.0124283,-0.437423,0.00831831
602.5,0.744678,0.0144899,0.619096,0.0124167,-0.441137,0.00831183
604,0.745258,0.0144655,0.61766,0.0123949,-0.442573,0.00829856
605.5,0.744376,0.0144531,0.618735,0.0123834,-0.440149,0.00829207
607,0.745004,0.0144288,0.619259,0.0123618,-0.442215,0.00827888
608.5,0.744911,0.0144165,0.619699,0.0123504,-0.442485,0.00827255
610,0.746448,0.0143925,0.619216,0.0123289,-0.439079,0.0082593
611.5,0.747936,0.0143805,0.619886,0.0123177,-0.437533,0.00825277
613,0.74887,0.0143567,0.621181,0.0122965,-0.434829,0.0082394
614.5,0.750014,0.0143449,0.620293,0.0122853,-0.437503,0.00823292
616,0.74943,0.0143213,0.621459,0.0122643,-0.439917,0.00821989
617.5,0.749311,0.0143095,0.621418,0.0122533,-0.441212,0.00821364
619,0.749385,0.0142862,0.620807,0.0122324,-0.441124,0.00820076
620.5,0.748166,0.0142744,0.619889,0.0122214,-0.43809,0.00819439
622,0.747011,0.0142511,0.618644,0.0122006,-0.436331,0.00818138
623.5,0.748258,0.0142394,0.617975,0.0121896,-0.43629,0.00817497
625,0.749482,0.0142164,0.617931,0.0121689,-0.437811,0.00816212
626.5,0.749811,0.0142048,0.616915,0.012158,-0.436804,0.00815578
628,0.750035,0.014182,0.61757,0.0121374,-0.435885,0.00814292
629.5,0.750145,0.0141706,0.61823,0.0121266,-0.442247,0.00813689
631,0.750732,0.014148,0.618277,0.0121063,-0.442264,0.00812443
632.5,0.749868,0.0141366,0.617293,0.0120955,-0.436145,0.00811815
634,0.751188,0.0141142,0.616732,0.0120752,-0.435916,0.00810547
635.5,0.749807,0.0141029,0.616835,0.0120646,-0.436803,0.00809926
637,0.750334,0.0140806,0.617494,0.0120445,-0.437672,0.00808676
638.5,0.749124,0.0140693,0.616413,0.0120338,-0.442055,0.00808084
640,0.748806,0.0140471,0.616101,0.0120138,-0.442822,0.00806866
641.5,0.747857,0.0140359,0.615652,0.0120033,-0.441709,0.00806276
643,0.749234,0.0140138,0.614435,0.0119834,-0.437489,0.00805041
644.5,0.748067,0.0140027,0.614693,0.0119728,-0.439236,0.00804444
646,0.748551,0.0139808,0.614061,0.0119531,-0.439292,0.00803226
647.5,0.747939,0.0139697,0.614564,0.0119426,-0.439231,0.00802633
649,0.74727,0.0139479,0.61463,0.011923,-0.437655,0.00801415
650.5,0.746145,0.0139368,0.61497,0.0119126,-0.434344,0.00800804
652,0.746496,0.0139151,0.614772,0.0118932,-0.441755,0.00799614
653.5,0.745203,0.0139041,0.614472,0.0118829,-0.438356,0.00799025
655,0.745399,0.0138825,0.615606,0.0118636,-0.438277,0.00797826
656.5,0.746609,0.0138717,0.61474,0.0118534,-0.439686,0.00797247
658,0.74697,0.0138503,0.613686,0.0118342,-0.438908,0.00796059
659.5,0.746635,0.0138395,0.614862,0.011824,-0.439679,0.00795484
661,0.74814,0.0138183,0.61442,0.011805,-0.437344,0.00794297
662.5,0.748809,0.0138077,0.614685,0.0117949,-0.437423,0.00793716
664,0.748601,0.0137866,0.613232,0.011776,-0.437791,0.00792539
665.5,0.747208,0.013776,0.613085,0.0117659,-0.437817,0.00791963
667,0.747797,0.0137551,0.614323,0.0117471,-0.43923,0.007908
668.5,0.749241,0.0137446,0.613986,0.0117372,-0.437532,0.00790226
670,0.749449,0.0137239,0.61366,0.0117185,-0.437736,0.00789065
671.5,0.74843,0.0137135,0.614182,0.0117087,-0.439263,0.00788502
673,0.747949,0.0136929,0.614553,0.0116901,-0.439232,0.00787355
674.5,0.748339,0.0136825,0.613936,0.0116804,-0.439287,0.00786796
676,0.748491,0.013662,0.614476,0.011662,-0.43923,0.00785656
677.5,0.748273,0.0136517,0.613719,0.0116522,-0.439428,0.00785101
679,0.747868,0.0136314,0.614324,0.011634,-0.439237,0.00783969
680.5,0.747794,0.0136211,0.61573,0.0116244,-0.441697,0.00783427
682,0.748955,0.013601,0.616148,0.0116063,-0.442073,0.00782314
683.5,0.749549,0.0135909,0.6163,0.0115968,-0.436767,0.00781755
685,0.749761,0.0135709,0.616843,0.0115789,-0.436797,0.00780627
686.5,0.750761,0.0135609,0.617711,0.0115695,-0.437728,0.00780075
688,0.749929,0.013541,0.617169,0.0115517,-0.436822,0.00778955
689.5,0.750857,0.0135311,0.617465,0.0115424,-0.439187,0.00778413
691,0.750975,0.0135114,0.618204,0.0115248,-0.439838,0.00777311
692.5,0.750449,0.0135015,0.619481,0.0115156,-0.439171,0.00776773
694,0.749052,0.0134819,0.619459,0.0114981,-0.439997,0.00775679
695.5,0.748124,0.0134719,0.618446,0.011489,-0.437898,0.00775139
697,0.747956,0.0134524,0.618054,0.0114716,-0.437934,0.00774044
698.5,0.749043,0.0134426,0.618568,0.0114625,-0.438899,0.0077351
700,0.748406,0.0134232,0.618058,0.0114452,-0.436294,0.00772416
701.5,0.749773,0.0134135,0.61885,0.0114362,-0.440981,0.00771894
703,0.749414,0.0133942,0.61961,0.0114191,-0.438822,0.00770817
704.5,0.74992,0.0133846,0.61898,0.0114101,-0.441101,0.00770299
706,0.74936,0.0133655,0.617811,0.0113931,-0.437808,0.00769224
707.5,0.748237,0.0133558,0.616608,0.0113841,-0.438255,0.00768698
709,0.747283,0.0133367,0.616172,0.0113671,-0.437984,0.0076763
710.5,0.747897,0.0133271,0.615765,0.0113582,-0.4417,0.00767121
712,0.748066,0.0133082,0.616216,0.0113413,-0.441669,0.00766074
713.5,0.747861,0.0132987,0.617167,0.0113325,-0.440358,0.00765563
715,0.748034,0.0132799,0.615931,0.0113157,-0.441694,0.00764523
716.5,0.747936,0.0132704,0.616561,0.0113069,-0.44089,0.00764017
718,0.748051,0.0132517,0.617648,0.0112903,-0.439033,0.00762972
719.5,0.747345,0.0132423,0.617644,0.0112816,-0.440307,0.00762467
721,0.747087,0.0132237,0.617372,0.0112651,-0.438142,0.00761426
722.5,0.748015,0.0132143,0.616699,0.0112565,-0.437832,0.00760914
724,0.748085,0.0131959,0.615981,0.01124,-0.441692,0.00759892
725.5,0.747449,0.0131866,0.614799,0.0112313,-0.441278,0.00759397
727,0.747844,0.0131682,0.615563,0.011215,-0.441717,0.00758382
728.5,0.748182,0.013159,0.616261,0.0112064,-0.441672,0.0075789
730,0.748136,0.0131408,0.617069,0.0111902,-0.437347,0.00756865
731.5,0.747512,0.0131316,0.61787,0.0111818,-0.436205,0.00756356
733,0.747957,0.0131135,0.617678,0.0111657,-0.437982,0.00755339
734.5,0.747154,0.0131043,0.618207,0.0111573,-0.437339,0.00754837
736,0.747077,0.0130863,0.618439,0.0111414,-0.437304,0.00753824
737.5,0.747738,0.0130772,0.617495,0.011133,-0.43799,0.00753327
739,0.748008,0.0130593,0.616203,0.0111171,-0.441666,0.00752336
740.5,0.747986,0.0130503,0.615938,0.0111087,-0.44169,0.00751856
742,0.747753,0.0130326,0.616311,0.0110929,-0.440907,0.00750868
743.5,0.74774,0.0130236,0.61565,0.0110846,-0.441701,0.00750391
745,0.747255,0.0130059,0.615265,0.0110689,-0.441028,0.00749409
746.5,0.747119,0.012997,0.614974,0.0110606,-0.441019,0.00748933
748,0.747355,0.0129794,0.61494,0.011045,-0.44126,0.00747957
749.5,0.747573,0.0129705,0.614952,0.0110368,-0.441272,0.00747484
751,0.747602,0.0129531,0.615819,0.0110212,-0.440072,0.0074651
752.5,0.746645,0.0129442,0.614945,0.0110131,-0.439674,0.00746034
754,0.746947,0.0129269,0.613922,0.0109976,-0.438892,0.00745061
755.5,0.746577,0.0129181,0.614118,0.0109895,-0.439729,0.00744588
757,0.745831,0.0129008,0.614595,0.0109741,-0.438481,0.0074362
758.5,0.745722,0.012892,0.614998,0.010966,-0.437818,0.00743142
760,0.744733,0.0128748,0.61558,0.0109508,-0.43987,0.00742184
761.5,0.74457,0.012866,0.615445,0.0109428,-0.439858,0.00741717
763,0.744592,0.0128489,0.615412,0.0109276,-0.43986,0.00740765
764.5,0.74402,0.0128402,0.614301,0.0109197,-0.439623,0.00740299
766,0.744924,0.0128231,0.614188,0.0109046,-0.43952,0.00739351
767.5,0.744564,0.0128145,0.613071,0.0108966,-0.440086,0.0073889
769,0.744424,0.0127975,0.613562,0.0108816,-0.441207,0.00737953
770.5,0.744533,0.012789,0.613317,0.0108737,-0.443329,0.00737506
772,0.744196,0.0127721,0.614487,0.0108588,-0.438133,0.00736563
773.5,0.744645,0.0127636,0.613547,0.0108509,-0.440357,0.00736108
775,0.743898,0.0127468,0.614576,0.0108361,-0.440247,0.00735178
776.5,0.744354,0.0127383,0.613418,0.0108283,-0.441207,0.00734729
778,0.743857,0.0127216,0.614668,0.0108136,-0.436331,0.00733791
779.5,0.744956,0.0127132,0.614332,0.0108059,-0.439509,0.00733338
781,0.744058,0.0126967,0.614228,0.0107913,-0.439632,0.00732417
782.5,0.745124,0.0126883,0.615294,0.0107836,-0.439771,0.00731967
784,0.74605,0.0126719,0.614264,0.0107691,-0.437838,0.00731045
785.5,0.746313,0.0126636,0.614759,0.0107615,-0.437709,0.00730591
787,0.745656,0.0126473,0.615619,0.010747,-0.437731,0.00729673
788.5,0.745884,0.012639,0.615098,0.0107395,-0.438374,0.00729224
790,0.745128,0.0126228,0.614841,0.0107251,-0.438295,0.00728314
791.5,0.744406,0.0126146,0.615212,0.0107176,-0.439846,0.00727872
793,0.745618,0.0125984,0.615666,0.0107034,-0.43772,0.00726965
794.5,0.744538,0.0125902,0.614431,0.0106959,-0.437318,0.00726517
796,0.74429,0.0125741,0.615281,0.0106817,-0.43851,0.00725617
797.5,0.743106,0.012566,0.615618,0.0106743,-0.438841,0.00725177
799,0.742213,0.0125499,0.61684,0.0106603,-0.444535,0.00724302
800.5,0.743351,0.0125418,0.616795,0.0106529,-0.442971,0.00723878
802,0.743291,0.0125258,0.616781,0.010639,-0.44297,0.00723003
803.5,0.742911,0.0125177,0.616244,0.0106317,-0.444616,0.00722586
805,0.743267,0.0125019,0.616643,0.0106178,-0.442975,0.00721716
806.5,0.742994,0.0124939,0.616768,0.0106105,-0.444585,0.00721301
808,0.743349,0.0124781,0.61716,0.0105968,-0.442954,0.00720436
809.5,0.743324,0.0124701,0.617208,0.0105896,-0.442951,0.00720018
811,0.743926,0.0124545,0.616992,0.0105759,-0.445518,0.00719165
812.5,0.742942,0.0124465,0.616559,0.0105687,-0.444596,0.00718755
814,0.743396,0.012431,0.616538,0.010555,-0.443212,0.00717899
815.5,0.743018,0.012423,0.616493,0.0105479,-0.442973,0.00717486
817,0.742663,0.0124075,0.616662,0.0105344,-0.442144,0.00716631
818.5,0.743137,0.0123997,0.616759,0.0105273,-0.442965,0.0071622
820,0.744177,0.0123843,0.617412,0.0105138,-0.442161,0.0071537
821.5,0.743387,0.0123765,0.617318,0.0105068,-0.442949,0.0071496
823,0.743212,0.0123612,0.616948,0.0104934,-0.442959,0.00714117
824.5,0.743417,0.0123534,0.617223,0.0104864,-0.442954,0.0071371
826,0.743077,0.0123382,0.616259,0.0104731,-0.443025,0.00712872
827.5,0.742523,0.0123304,0.616799,0.0104661,-0.440994,0.0071246
829,0.74266,0.0123153,0.6159,0.0104529,-0.438413,0.00711612
830.5,0.743051,0.0123076,0.616522,0.0104459,-0.442973,0.00711209
832,0.742558,0.0122925,0.616546,0.0104328,-0.439372,0.00710368
833.5,0.742992,0.0122849,0.616035,0.0104259,-0.439514,0.00709956
835,0.74223,0.0122698,0.615658,0.0104128,-0.438936,0.00709119
836.5,0.742086,0.0122622,0.615856,0.0104059,-0.432805,0.00708689
838,0.742653,0.0122473,0.615434,0.0103928,-0.437564,0.00707851
839.5,0.743633,0.0122398,0.615977,0.010386,-0.437091,0.00707437
841,0.743028,0.0122249,0.615587,0.010373,-0.43884,0.00706608
842.5,0.743283,0.0122174,0.616342,0.0103663,-0.443223,0.00706214
844,0.742247,0.0122027,0.616976,0.0103534,-0.444532,0.00705406
845.5,0.743315,0.0121952,0.617032,0.0103467,-0.442959,0.00705013
847,0.743397,0.0121805,0.617246,0.0103339,-0.442952,0.00704205
848.5,0.743139,0.0121731,0.617022,0.0103272,-0.442952,0.00703814
850,0.743994,0.0121586,0.617087,0.0103145,-0.442018,0.00703008
851.5,0.742859,0.0121511,0.616444,0.0103079,-0.444601,0.00702624
853,0.74336,0.0121367,0.617387,0.0102952,-0.442945,0.00701824
854.5,0.742586,0.0121293,0.616583,0.0102886,-0.442146,0.00701434
856,0.743514,0.0121149,0.616481,0.010276,-0.443224,0.00700639
857.5,0.743484,0.0121076,0.616414,0.0102694,-0.443228,0.00700255
859,0.742691,0.0120932,0.616669,0.0102569,-0.437587,0.00699447
860.5,0.743833,0.012086,0.617533,0.0102504,-0.439143,0.00699053
862,0.74389,0.0120717,0.617206,0.0102379,-0.441218,0.0069826
863.5,0.74275,0.0120645,0.616108,0.0102314,-0.441929,0.00697876
865,0.743218,0.0120503,0.616561,0.010219,-0.442978,0.00697092
866.5,0.743433,0.0120431,0.616489,0.0102126,-0.443219,0.00696713
868,0.743628,0.012029,0.616047,0.0102002,-0.437392,0.00695917
869.5,0.74477,0.0120219,0.615766,0.0101938,-0.439874,0.00695531
871,0.745589,0.0120079,0.615223,0.0101815,-0.437771,0.0069474
872.5,0.746338,0.0120008,0.614775,0.0101751,-0.437711,0.00694349
874,0.746714,0.011987,0.613864,0.0101628,-0.437469,0.00693561
875.5,0.746491,0.01198,0.614698,0.0101564,-0.441756,0.00693184
877,0.746932,0.0119662,0.614685,0.0101442,-0.44268,0.00692415
878.5,0.746424,0.0119592,0.614769,0.0101379,-0.441751,0.0069204
880,0.745379,0.0119454,0.615716,0.0101258,-0.440204,0.00691268
881.5,0.746377,0.0119385,0.616784,0.0101195,-0.439873,0.00690889
883,0.746445,0.0119248,0.616882,0.0101075,-0.439594,0.00690119
884.5,0.74615,0.011918,0.616815,0.0101013,-0.439559,0.00689741
886,0.74707,0.0119044,0.615856,0.0100893,-0.437988,0.0068897
887.5,0.747125,0.0118975,0.614884,0.010083,-0.441018,0.00688599
889,0.746116,0.011884,0.613869,0.0100711,-0.438654,0.00687834
890.5,0.74587,0.0118772,0.614733,0.0100649,-0.438007,0.00687455
892,0.745094,0.0118637,0.614636,0.010053,-0.438304,0.00686693
893.5,0.745672,0.0118569,0.615127,0.0100468,-0.437795,0.00686316
895,0.746015,0.0118435,0.616126,0.0100351,-0.438102,0.00685557
896.5,0.746622,0.0118367,0.616023,0.010029,-0.437864,0.00685182
898,0.74612,0.0118234,0.61562,0.0100173,-0.437395,0.00684425
899.5,0.745694,0.0118167,0.615782,0.0100112,-0.437716,0.00684051
901,0.746487,0.0118034,0.61526,0.0099995,-0.44218,0.00683311
902.5,0.747034,0.0117967,0.614849,0.00999341,-0.441013,0.00682948
904,0.747814,0.0117836,0.615652,0.00998182,-0.441706,0.0068221
905.5,0.748411,0.011777,0.616756,0.00997581,-0.439554,0.00681845
907,0.749011,0.0117639,0.616108,0.00996429,-0.442083,0.00681111
908.5,0.749866,0.0117574,0.615478,0.00995828,-0.441403,0.00680753
910,0.749903,0.0117444,0.615624,0.00994682,-0.441401,0.00680021
911.5,0.749134,0.0117379,0.61624,0.00994086,-0.442077,0.00679666
913,0.748783,0.011725,0.616043,0.00992946,-0.442822,0.00678942
914.5,0.74984,0.0117185,0.615337,0.00992351,-0.441406,0.00678587
916,0.749828,0.0117057,0.615259,0.00991215,-0.441408,0.00677862
917.5,0.749788,0.0116993,0.615447,0.00990623,-0.441561,0.00677509
919,0.749726,0.0116865,0.615641,0.00989494,-0.440748,0.00676786
920.5,0.749138,0.0116801,0.616418,0.00988908,-0.442056,0.00676436
922,0.749909,0.0116674,0.615391,0.00987784,-0.441412,0.00675718
923.5,0.748963,0.011661,0.616144,0.009872,-0.442074,0.0067537
925,0.748406,0.0116483,0.615451,0.00986082,-0.442546,0.00674659
926.5,0.747662,0.0116419,0.615451,0.009855,-0.441234,0.0067431
928,0.747474,0.0116292,0.615418,0.00984388,-0.441226,0.00673598
929.5,0.748087,0.0116229,0.616347,0.0098381,-0.441658,0.00673252
931,0.74815,0.0116103,0.616304,0.00982706,-0.441666,0.00672545
932.5,0.747773,0.011604,0.615736,0.0098213,-0.441695,0.00672201
934,0.748169,0.0115915,0.61646,0.00981031,-0.441653,0.00671497
935.5,0.74809,0.0115852,0.616212,0.00980459,-0.441671,0.00671154
937,0.747985,0.0115727,0.616199,0.00979365,-0.441665,0.00670453
938.5,0.748228,0.0115665,0.616141,0.00978796,-0.43958,0.00670107
940,0.747587,0.0115541,0.615328,0.00977706,-0.44124,0.00669408
941.5,0.746598,0.0115478,0.614651,0.00977137,-0.439691,0.00669064
943,0.747269,0.0115355,0.614631,0.0097605,-0.437654,0.00668359
944.5,0.746822,0.0115293,0.613955,0.00975482,-0.43747,0.0066801
946,0.746285,0.0115169,0.614797,0.00974402,-0.43771,0.0066731
947.5,0.747262,0.0115108,0.614544,0.00973838,-0.437664,0.00666963
949,0.747377,0.0114985,0.614588,0.00972762,-0.437667,0.00666266
950.5,0.748407,0.0114924,0.613928,0.009722,-0.439295,0.00665925
952,0.748092,0.0114802,0.614423,0.00971129,-0.438504,0.00665232
953.5,0.747671,0.0114741,0.613969,0.0097057,-0.437843,0.00664889
955,0.748631,0.011462,0.614433,0.00969504,-0.439251,0.00664202
956.5,0.748281,0.011456,0.61371,0.00968947,-0.43943,0.00663865
958,0.748154,0.0114439,0.613642,0.00967885,-0.439428,0.00663181
959.5,0.747952,0.0114379,0.612927,0.00967329,-0.439741,0.00662846
961,0.7475,0.0114259,0.613111,0.00966271,-0.439638,0.00662166
962.5,0.746967,0.0114198,0.613785,0.0096572,-0.438902,0.0066183
964,0.746577,0.0114079,0.614821,0.00964671,-0.439677,0.00661154
965.5,0.746445,0.0114018,0.614499,0.00964124,-0.441759,0.00660826
967,0.746461,0.0113899,0.615317,0.00963081,-0.442173,0.00660159
968.5,0.747285,0.0113839,0.615113,0.00962538,-0.44124,0.00659832
970,0.747354,0.0113721,0.61473,0.00961499,-0.441278,0.00659165
971.5,0.747696,0.0113662,0.615134,0.00960959,-0.441263,0.0065884
973,0.747611,0.0113544,0.615623,0.00959927,-0.441217,0.00658176
974.5,0.747044,0.0113485,0.614684,0.00959388,-0.441013,0.00657851
976,0.746671,0.0113367,0.614607,0.00958359,-0.439701,0.00657187
977.5,0.747504,0.0113308,0.615107,0.00957824,-0.441254,0.00656864
979,0.747196,0.0113192,0.614816,0.009568,-0.441261,0.00656207
980.5,0.747992,0.0113133,0.615778,0.00956269,-0.441706,0.00655887
982,0.747633,0.0113017,0.615569,0.00955252,-0.441222,0.00655232
983.5,0.746661,0.0112958,0.614685,0.00954721,-0.439694,0.00654908
985,0.746741,0.0112843,0.614782,0.00953707,-0.439694,0.00654253
986.5,0.746643,0.0112784,0.615363,0.0095318,-0.439554,0.0065393
988,0.74725,0.0112669,0.615038,0.00952172,-0.441245,0.00653281
989.5,0.747598,0.0112611,0.615485,0.00951648,-0.441227,0.00652964
991,0.748164,0.0112497,0.6147,0.00950643,-0.439245,0.00652313
992.5,0.748417,0.011244,0.614729,0.0095012,-0.439927,0.00651995
994,0.747614,0.0112326,0.615039,0.00949121,-0.441266,0.00651352
995.5,0.746878,0.0112268,0.614418,0.009486,-0.439733,0.00651034
997,0.747711,0.0112155,0.614337,0.00947604,-0.439221,0.00650389
998.5,0.747556,0.0112098,0.614859,0.00947086,-0.436251,0.00650064
1000,0.746913,0.0111985,0.6147,0.00946096,-0.442678,0.0064943
1001.5,0.747354,0.0111928,0.615026,0.00945581,-0.441252,0.00649119
1003,0.747527,0.0111815,0.615046,0.00944596,-0.441261,0.00648484
1004.5,0.74765,0.0111759,0.615476,0.00944084,-0.441231,0.00648174
1006,0.747823,0.0111647,0.615799,0.00943105,-0.441692,0.00647543
1007.5,0.747784,0.0111591,0.615584,0.00942597,-0.441711,0.00647235
1009,0.747499,0.0111479,0.615846,0.00941622,-0.440061,0.00646603
1010.5,0.747429,0.0111423,0.615731,0.00941116,-0.440066,0.00646293
1012,0.748368,0.0111313,0.615434,0.00940146,-0.442545,0.0064567
1013.5,0.747557,0.0111257,0.614876,0.0093964,-0.441277,0.00645364
1015,0.746837,0.0111146,0.614528,0.00938672,-0.439721,0.00644737
1016.5,0.74673,0.0111091,0.614368,0.00938168,-0.439723,0.00644428
1018,0.747241,0.011098,0.615246,0.00937206,-0.441027,0.00643807
1019.5,0.747629,0.0110925,0.615141,0.00936706,-0.441258,0.00643503
1021,0.747864,0.0110816,0.615199,0.00935748,-0.441268,0.00642885
1022.5,0.747596,0.0110761,0.615288,0.00935251,-0.441244,0.00642583
1024,0.747025,0.0110652,0.614673,0.00934297,-0.441012,0.00641966
1025.5,0.746471,0.0110597,0.614933,0.00933801,-0.44175,0.00641666
1027,0.747261,0.0110488,0.61526,0.00932852,-0.441028,0.00641053
1028.5,0.747112,0.0110434,0.615011,0.00932359,-0.441018,0.00640753
1030,0.746482,0.0110325,0.614696,0.00931413,-0.441756,0.00640144
1031.5,0.746396,0.0110271,0.615241,0.00930922,-0.442176,0.00639847
1033,0.746461,0.0110163,0.615226,0.00929982,-0.442181,0.00639241
1034.5,0.746928,0.0110109,0.615782,0.00929495,-0.439545,0.0063894
1036,0.747644,0.0110002,0.615267,0.00928559,-0.441248,0.00638335
1037.5,0.748473,0.0109948,0.614596,0.00928071,-0.439935,0.00638036
1039,0.74889,0.0109842,0.614707,0.00927139,-0.437429,0.00637425
1040.5,0.747933,0.0109788,0.615637,0.00926656,-0.437565,0.00637122
1042,0.747208,0.0109682,0.616215,0.0092573,-0.437975,0.00636515
1043.5,0.747908,0.0109629,0.615925,0.0092525,-0.441686,0.00636223
1045,0.748189,0.0109523,0.616352,0.00924328,-0.441664,0.00635626
1046.5,0.749139,0.0109471,0.616279,0.00923851,-0.442073,0.00635336
1048,0.749796,0.0109366,0.615474,0.00922932,-0.441561,0.00634741
1049.5,0.749727,0.0109313,0.615049,0.00922455,-0.438731,0.00634445
1051,0.749568,0.0109209,0.615912,0.00921541,-0.438233,0.00633846
1052.5,0.749761,0.0109157,0.615542,0.00921066,-0.440753,0.00633555
1054,0.749713,0.0109053,0.6153,0.00920155,-0.441559,0.00632966
1055.5,0.749684,0.0109001,0.615665,0.00919683,-0.440743,0.00632676
1057,0.749781,0.0108898,0.615405,0.00918776,-0.441396,0.00632089
1058.5,0.749712,0.0108846,0.615263,0.00918306,-0.441561,0.00631802
1060,0.749681,0.0108743,0.615687,0.00917403,-0.440742,0.00631216
1061.5,0.749872,0.0108691,0.615624,0.00916936,-0.441397,0.0063093
1063,0.749087,0.0108589,0.616159,0.00916038,-0.442083,0.00630349
1064.5,0.748502,0.0108537,0.615469,0.00915572,-0.440799,0.00630063
1066,0.749073,0.0108435,0.615951,0.00914678,-0.441135,0.00629482
1067.5,0.748245,0.0108383,0.616437,0.00914216,-0.439562,0.00629194
1069,0.747451,0.0108281,0.616346,0.00913327,-0.437987,0.0062861
1070.5,0.748006,0.010823,0.615929,0.00912866,-0.441692,0.00628328
1072,0.747492,0.0108128,0.615083,0.00911978,-0.441255,0.00627752
1073.5,0.747456,0.0108077,0.614976,0.00911518,-0.441262,0.00627471
1075,0.747341,0.0107976,0.614758,0.00910633,-0.441275,0.00626898
1076.5,0.74765,0.0107925,0.61496,0.00910174,-0.441276,0.00626617
1078,0.746982,0.0107824,0.614968,0.00909294,-0.443587,0.00626051
1079.5,0.746558,0.0107773,0.615162,0.00908838,-0.442193,0.00625774
1081,0.746319,0.0107673,0.615714,0.00907963,-0.442855,0.00625209
1082.5,0.746418,0.0107622,0.615451,0.00907509,-0.442159,0.00624932
1084,0.747016,0.0107522,0.614717,0.00906636,-0.441012,0.00624366
1085.5,0.747851,0.0107472,0.61522,0.00906184,-0.441265,0.00624089
1087,0.747588,0.0107372,0.615285,0.00905316,-0.441244,0.00623525
1088.5,0.747759,0.0107322,0.615283,0.00904866,-0.441254,0.00623249
1090,0.746942,0.0107223,0.616024,0.00904003,-0.438898,0.00622682
1091.5,0.747552,0.0107173,0.615431,0.00903555,-0.441229,0.00622407
1093,0.747366,0.0107074,0.615557,0.00902695,-0.440077,0.00621845
1094.5,0.746892,0.0107024,0.614804,0.00902248,-0.443598,0.00621576
1096,0.746908,0.0106926,0.614886,0.0090139,-0.44359,0.00621024
1097.5,0.746403,0.0106876,0.615308,0.00900946,-0.44217,0.00620753
1099,0.747283,0.0106778,0.6151,0.00900092,-0.441241,0.00620198
1100.5,0.747193,0.0106729,0.614914,0.00899649,-0.441252,0.00619926
1102,0.747335,0.0106632,0.614734,0.00898798,-0.441277,0.00619374
1103.5,0.746499,0.0106582,0.614905,0.00898357,-0.442213,0.00619105
1105,0.746946,0.0106485,0.614675,0.0089751,-0.442682,0.00618558
1106.5,0.747528,0.0106436,0.614925,0.00897071,-0.441271,0.00618288
1108,0.746944,0.0106339,0.61443,0.00896227,-0.437501,0.00617732
1109.5,0.746658,0.0106291,0.614617,0.00895789,-0.439699,0.00617461
1111,0.747236,0.0106194,0.614925,0.0089495,-0.441254,0.00616915
1112.5,0.747552,0.0106146,0.615374,0.00894515,-0.441234,0.00616647
1114,0.747177,0.010605,0.614977,0.00893679,-0.441021,0.00616103
1115.5,0.747143,0.0106002,0.614794,0.00893245,-0.44126,0.00615836
1117,0.746469,0.0105906,0.615433,0.00892414,-0.442163,0.00615296
1118.5,0.745604,0.0105857,0.615799,0.00891984,-0.437702,0.00615024
1120,0.745516,0.0105762,0.616145,0.00891157,-0.440214,0.00614482
1121.5,0.745741,0.0105714,0.616273,0.00890729,-0.439547,0.00614214
1123,0.746377,0.0105619,0.61703,0.00889907,-0.439561,0.00613674
1124.5,0.745848,0.0105571,0.617033,0.00889483,-0.439208,0.00613406
1126,0.745021,0.0105476,0.617285,0.00888665,-0.439194,0.00612867
1127.5,0.744199,0.0105428,0.617536,0.00888243,-0.442159,0.00612606
1129,0.743483,0.0105333,0.6171,0.00887428,-0.442962,0.00612076
1130.5,0.743075,0.0105285,0.616291,0.00887006,-0.443023,0.00611819
1132,0.74348,0.0105191,0.616353,0.00886193,-0.443233,0.00611291
1133.5,0.743484,0.0105143,0.617087,0.00885774,-0.442963,0.00611034
1135,0.743024,0.0105049,0.616602,0.00884965,-0.442968,0.00610508
1136.5,0.743247,0.0105001,0.616835,0.00884547,-0.442965,0.00610252
1138,0.742746,0.0104907,0.616097,0.00883741,-0.44193,0.00609727
1139.5,0.742742,0.010486,0.616306,0.00883324,-0.441917,0.0060947
1141,0.743077,0.0104767,0.616858,0.00882522,-0.442958,0.00608948
1142.5,0.743895,0.0104719,0.617317,0.00882109,-0.441214,0.0060869
1144,0.7432,0.0104627,0.61715,0.0088131,-0.442949,0.0060817
1145.5,0.743244,0.010458,0.616795,0.00880898,-0.442967,0.00607917
1147,0.743478,0.0104487,0.616471,0.00880102,-0.443223,0.006074
1148.5,0.743354,0.010444,0.616969,0.00879691,-0.442963,0.00607148
1150,0.743186,0.0104348,0.616707,0.00878898,-0.442969,0.00606632
1151.5,0.743249,0.0104301,0.616608,0.00878489,-0.442976,0.00606381
1153,0.743536,0.010421,0.616437,0.00877699,-0.443229,0.00605867
1154.5,0.743642,0.0104163,0.617219,0.00877293,-0.441414,0.00605614
1156,0.743811,0.0104072,0.61726,0.00876507,-0.44121,0.00605099
1157.5,0.743506,0.0104025,0.617883,0.00876103,-0.440137,0.00604844
1159,0.74324,0.0103934,0.617216,0.00875321,-0.442948,0.00604334
1160.5,0.743351,0.0103888,0.617047,0.00874918,-0.442959,0.00604086
1162,0.743097,0.0103798,0.616298,0.00874137,-0.443023,0.00603578
1163.5,0.743065,0.0103752,0.616535,0.00873734,-0.442973,0.0060333
1165,0.74389,0.0103661,0.616951,0.00872958,-0.445516,0.00602829
1166.5,0.743216,0.0103616,0.616717,0.00872557,-0.44297,0.00602582
1168,0.743199,0.0103526,0.616705,0.00871783,-0.44297,0.00602078
1169.5,0.743408,0.010348,0.616315,0.00871383,-0.443232,0.00601833
1171,0.742881,0.010339,0.616392,0.00870612,-0.444605,0.00601334
1172.5,0.743072,0.0103345,0.616772,0.00870214,-0.442962,0.00601089
1174,0.743026,0.0103255,0.616765,0.00869447,-0.44296,0.00600588
1175.5,0.743442,0.010321,0.617124,0.00869052,-0.44296,0.00600344
1177,0.74394,0.0103121,0.616982,0.00868288,-0.445519,0.0059985
1178.5,0.743129,0.0103076,0.616594,0.00867893,-0.442972,0.00599607
1180,0.743003,0.0102988,0.616757,0.00867132,-0.444586,0.00599113
1181.5,0.742241,0.0102943,0.61696,0.00866739,-0.444532,0.00598874
1183,0.742826,0.0102854,0.616368,0.0086598,-0.444605,0.00598382
1184.5,0.743429,0.010281,0.617039,0.00865589,-0.442963,0.00598141
1186,0.743255,0.0102722,0.61715,0.00864834,-0.442951,0.00597648
1187.5,0.74299,0.0102677,0.616506,0.00864444,-0.442972,0.00597407
1189,0.743437,0.010259,0.616488,0.00863692,-0.443219,0.00596916
1190.5,0.743262,0.0102545,0.617277,0.00863304,-0.442946,0.00596677
1192,0.743867,0.0102458,0.616947,0.00862555,-0.445515,0.00596192
1193.5,0.743922,0.0102414,0.617004,0.00862169,-0.445517,0.00595958
1195,0.74346,0.0102327,0.616439,0.00861422,-0.443224,0.00595471
1196.5,0.743253,0.0102283,0.616934,0.00861037,-0.442961,0.00595233
1198,0.74306,0.0102196,0.616632,0.00860293,-0.442968,0.00594747
1199.5,0.743277,0.0102153,0.616308,0.00859909,-0.443225,0.0059451
1201,0.743418,0.0102066,0.617045,0.00859169,-0.442962,0.00594026
1202.5,0.742986,0.0102023,0.616411,0.00858786,-0.442976,0.0059379
1204,0.743221,0.0101937,0.616763,0.00858048,-0.442968,0.00593308
1205.5,0.743461,0.0101893,0.616502,0.00857667,-0.443219,0.00593073
1207,0.743521,0.0101808,0.616478,0.00856932,-0.443225,0.00592592
1208.5,0.743431,0.0101764,0.616479,0.00856552,-0.443219,0.00592358
1210,0.743011,0.0101679,0.616319,0.00855819,-0.442982,0.0059188
1211.5,0.743355,0.0101636,0.617035,0.00855442,-0.44296,0.00591646
1213,0.743329,0.0101551,0.617397,0.00854714,-0.442943,0.00591169
1214.5,0.743431,0.0101508,0.617031,0.00854338,-0.442963,0.00590936
1216,0.743168,0.0101423,0.616512,0.00853611,-0.442978,0.0059046
1217.5,0.743024,0.010138,0.616463,0.00853236,-0.442975,0.00590228
1219,0.74314,0.0101296,0.616626,0.00852512,-0.442971,0.00589755
1220.5,0.743323,0.0101253,0.616895,0.00852139,-0.442965,0.00589523
1222,0.74312,0.0101169,0.616795,0.00851418,-0.442962,0.00589051
1223.5,0.743016,0.0101127,0.616532,0.00851046,-0.442971,0.00588821
1225,0.7428,0.0101043,0.616368,0.00850327,-0.444604,0.00588353
1226.5,0.743001,0.0101001,0.616732,0.00849957,-0.444587,0.00588127
1228,0.74331,0.0100917,0.616362,0.00849241,-0.443223,0.00587658
1229.5,0.743282,0.0100875,0.617118,0.00848872,-0.442954,0.0058743
1231,0.742928,0.0100792,0.616409,0.00848159,-0.444606,0.00586965
1232.5,0.743678,0.010075,0.617148,0.00847792,-0.441418,0.00586735
1234,0.743789,0.0100667,0.617084,0.00847082,-0.441216,0.00586266
1235.5,0.743835,0.0100625,0.617483,0.00846718,-0.439146,0.00586033
1237,0.743728,0.0100543,0.617829,0.00846012,-0.437674,0.0058556
1238.5,0.744106,0.0100501,0.617501,0.00845648,-0.442153,0.00585333
1240,0.744053,0.0100419,0.61736,0.00844944,-0.441223,0.00584867
1241.5,0.743407,0.0100378,0.617064,0.00844582,-0.442961,0.00584642
1243,0.742782,0.0100296,0.616298,0.00843879,-0.444609,0.00584184
1244.5,0.74329,0.0100254,0.617,0.00843517,-0.442959,0.0058396
1246,0.743241,0.0100173,0.616411,0.00842817,-0.443214,0.00583501
1247.5,0.743275,0.0100131,0.616419,0.00842456,-0.443216,0.00583278
1249,0.744066,0.010005,0.617191,0.0084176,-0.439764,0.00582815
1250.5,0.74418,0.0100009,0.617488,0.00841402,-0.442159,0.0058259
1252,0.744156,0.00999285,0.617643,0.00840708,-0.442153,0.00582134
1253.5,0.74374,0.00998876,0.617203,0.00840351,-0.441208,0.00581908
1255,0.743401,0.0099807,0.616542,0.00839659,-0.443212,0.00581455
1256.5,0.743126,0.00997661,0.616995,0.00839303,-0.442953,0.00581233
1258,0.743192,0.00996857,0.61632,0.00838613,-0.44322,0.00580781
1259.5,0.742967,0.0099645,0.616316,0.00838258,-0.44298,0.0058056
1261,0.742923,0.00995649,0.616602,0.00837571,-0.444593,0.00580112
1262.5,0.743438,0.00995244,0.616899,0.00837217,-0.44297,0.00579892
1264,0.742949,0.00994445,0.616522,0.00836532,-0.444599,0.00579445
1265.5,0.743486,0.00994042,0.617089,0.00836181,-0.442963,0.00579226
1267,0.743142,0.00993246,0.616877,0.00835499,-0.442959,0.00578778
1268.5,0.74318,0.00992844,0.616472,0.00835148,-0.443013,0.0057856
1270,0.742865,0.00992051,0.61651,0.00834468,-0.444597,0.00578116
1271.5,0.743075,0.0099165,0.616912,0.00834119,-0.442955,0.00577898
1273,0.743273,0.0099086,0.616812,0.00833442,-0.442967,0.00577453
1274.5,0.74337,0.00990461,0.6163,0.00833093,-0.443231,0.00577237
1276,0.742953,0.00989674,0.616674,0.00832418,-0.444589,0.00576796
1277.5,0.743239,0.00989276,0.616865,0.00832071,-0.442964,0.0057658
1279,0.742716,0.00988491,0.61623,0.00831399,-0.441921,0.00576137
1280.5,0.743296,0.00988095,0.616378,0.00831052,-0.44322,0.00575921
1282,0.742989,0.00987313,0.616622,0.00830383,-0.444594,0.00575484
1283.5,0.742873,0.00986918,0.616326,0.00830038,-0.44461,0.00575271
1285,0.742879,0.00986139,0.616501,0.0082937,-0.444598,0.00574835
1286.5,0.742932,0.00985745,0.616512,0.00829026,-0.444599,0.00574624
1288,0.742878,0.00984968,0.6163,0.00828361,-0.444611,0.00574189
1289.5,0.743195,0.00984576,0.616536,0.00828019,-0.442978,0.00573976
1291,0.743354,0.00983803,0.616761,0.00827357,-0.442973,0.0057354
1292.5,0.743358,0.00983413,0.616838,0.00827016,-0.44297,0.00573327
1294,0.743201,0.00982643,0.616586,0.00826356,-0.442976,0.00572893
1295.5,0.742942,0.00982253,0.616659,0.00826016,-0.44459,0.00572684
1297,0.743296,0.00981485,0.616298,0.00825358,-0.443227,0.00572251
1298.5,0.743358,0.00981097,0.61687,0.0082502,-0.442968,0.0057204
1300,0.743425,0.00980333,0.616343,0.00824364,-0.443231,0.00571609
1301.5,0.742998,0.00979946,0.616677,0.00824027,-0.444591,0.00571401
1303,0.743298,0.00979184,0.61638,0.00823374,-0.44322,0.00570972
1304.5,0.743362,0.00978799,0.617119,0.00823039,-0.442957,0.00570762
1306,0.742977,0.00978039,0.616514,0.00822388,-0.442971,0.00570333
1307.5,0.743177,0.00977655,0.617051,0.00822054,-0.442953,0.00570124
1309,0.743217,0.00976898,0.616447,0.00821405,-0.44321,0.00569697
1310.5,0.743454,0.00976516,0.61701,0.00821072,-0.442965,0.00569489
1312,0.743322,0.00975762,0.616335,0.00820426,-0.443226,0.00569064
1313.5,0.742873,0.0097538,0.616529,0.00820093,-0.444596,0.00568858
1315,0.742782,0.00974628,0.616311,0.00819449,-0.444608,0.00568437
1316.5,0.742236,0.00974246,0.616958,0.00819118,-0.444533,0.00568232
1318,0.742894,0.00973497,0.616302,0.00818476,-0.444612,0.00567812
1319.5,0.742909,0.00973118,0.616216,0.00818146,-0.444618,0.00567608
1321,0.743165,0.00972371,0.616347,0.00817506,-0.444841,0.00567189
1322.5,0.742915,0.00971994,0.616534,0.00817177,-0.444597,0.00566986
1324,0.742842,0.00971249,0.616372,0.0081654,-0.444606,0.00566569
1325.5,0.742992,0.00970873,0.616737,0.00816212,-0.444587,0.00566366
1327,0.742798,0.00970131,0.616305,0.00815577,-0.444609,0.0056595
1328.5,0.742931,0.00969756,0.616346,0.0081525,-0.44461,0.00565748
1330,0.743309,0.00969017,0.616676,0.00814618,-0.442975,0.00565331
1331.5,0.743381,0.00968644,0.61654,0.00814292,-0.443211,0.00565127
1333,0.743326,0.00967908,0.616831,0.00813662,-0.442969,0.00564711
1334.5,0.743109,0.00967536,0.616447,0.00813338,-0.442979,0.00564508
1336,0.743252,0.00966802,0.616857,0.0081271,-0.442964,0.00564094
1337.5,0.742927,0.00966431,0.616431,0.00812387,-0.444604,0.00563894
1339,0.742209,0.00965698,0.616916,0.00811761,-0.444534,0.00563483
1340.5,0.742214,0.00965327,0.616868,0.0081144,-0.444535,0.00563283
1342,0.742931,0.00964598,0.616462,0.00810816,-0.444602,0.00562874
1343.5,0.743304,0.0096423,0.616497,0.00810495,-0.443211,0.00562673
1345,0.743426,0.00963504,0.617016,0.00809874,-0.442964,0.00562263
1346.5,0.743423,0.00963137,0.616916,0.00809555,-0.442968,0.00562062
1348,0.743566,0.00962414,0.61645,0.00808935,-0.44323,0.00561653
1349.5,0.743397,0.00962049,0.617162,0.00808617,-0.442956,0.00561453
1351,0.74319,0.00961327,0.616808,0.00808,-0.442964,0.00561046
1352.5,0.742898,0.00960962,0.616252,0.00807682,-0.444615,0.00560849
1354,0.742874,0.00960243,0.616349,0.00807066,-0.444608,0.00560445
1355.5,0.742919,0.00959879,0.616524,0.0080675,-0.444598,0.00560249
1357,0.742801,0.00959162,0.616332,0.00806137,-0.444607,0.00559846
1358.5,0.743417,0.009588,0.616345,0.00805821,-0.44323,0.00559648
1360,0.743462,0.00958087,0.616393,0.0080521,-0.443229,0.00559245
1361.5,0.74286,0.00957725,0.616351,0.00804895,-0.444607,0.0055905
1363,0.742913,0.00957013,0.616595,0.00804286,-0.444593,0.0055865
1364.5,0.742947,0.00956653,0.616376,0.00803973,-0.444609,0.00558455
1366,0.742876,0.00955944,0.616461,0.00803366,-0.444601,0.00558056
1367.5,0.743366,0.00955585,0.616511,0.00803054,-0.443213,0.0055786
1369,0.743162,0.00954878,0.616482,0.00802449,-0.442979,0.00557461
1370.5,0.74326,0.00954521,0.6163,0.00802137,-0.443225,0.00557265
1372,0.743626,0.00953817,0.615684,0.00801533,-0.439955,0.00556862
1373.5,0.744342,0.00953463,0.615408,0.00801222,-0.439842,0.00556663
1375,0.743744,0.00952761,0.615695,0.0080062,-0.439961,0.00556261
1376.5,0.743321,0.00952406,0.616099,0.00800311,-0.437806,0.00556059
1378,0.74328,0.00951707,0.616021,0.00799711,-0.439531,0.00555659
1379.5,0.74297,0.00951353,0.616401,0.00799403,-0.442976,0.00555465
1381,0.743305,0.00950655,0.616481,0.00798807,-0.443212,0.0055507
1382.5,0.74308,0.00950302,0.616453,0.007985,-0.442978,0.00554877
1384,0.743317,0.00949607,0.61711,0.00797906,-0.442955,0.00554484
1385.5,0.743209,0.00949256,0.616525,0.007976,-0.442979,0.00554291
1387,0.743258,0.00948563,0.616835,0.00797008,-0.442966,0.00553899
1388.5,0.743239,0.00948213,0.616519,0.00796703,-0.443013,0.00553707
1390,0.743048,0.00947522,0.616235,0.00796112,-0.443026,0.00553316
1391.5,0.743511,0.00947173,0.616454,0.00795808,-0.443226,0.00553125
1393,0.743923,0.00946486,0.617018,0.0079522,-0.445517,0.00552739
1394.5,0.743276,0.00946138,0.617327,0.00794918,-0.442944,0.00552548
1396,0.743246,0.00945452,0.616885,0.00794332,-0.442963,0.0055216
1397.5,0.743246,0.00945105,0.616461,0.0079403,-0.44321,0.0055197
1399,0.743431,0.00944421,0.616995,0.00793446,-0.442965,0.00551583
1400.5,0.743236,0.00944076,0.617044,0.00793146,-0.442955,0.00551393
1402,0.743014,0.00943394,0.616551,0.00792563,-0.44297,0.00551007
1403.5,0.743356,0.00943049,0.61705,0.00792264,-0.44296,0.00550818
1405,0.743274,0.0094237,0.616969,0.00791683,-0.44296,0.00550433
1406.5,0.743252,0.00942027,0.616894,0.00791385,-0.442963,0.00550244
1408,0.742902,0.00941349,0.616345,0.00790806,-0.444609,0.00549863
1409.5,0.743162,0.00941007,0.616417,0.00790508,-0.443017,0.00549675
1411,0.743317,0.00940332,0.616846,0.00789931,-0.442967,0.00549293
1412.5,0.743372,0.00939991,0.61712,0.00789636,-0.442957,0.00549105
1414,0.743228,0.00939318,0.616876,0.00789061,-0.442963,0.00548724
1415.5,0.742985,0.00938978,0.616323,0.00788765,-0.442981,0.00548537
1417,0.743396,0.00938307,0.616991,0.00788192,-0.442964,0.00548157
1418.5,0.743338,0.00937968,0.617235,0.00787898,-0.442951,0.00547971
1420,0.743322,0.009373,0.617242,0.00787328,-0.44295,0.00547592
1421.5,0.743163,0.00936962,0.617095,0.00787035,-0.44295,0.00547407
1423,0.74324,0.00936295,0.616769,0.00786465,-0.442968,0.00547029
1424.5,0.743161,0.00935959,0.616835,0.00786173,-0.442962,0.00546844
1426,0.743398,0.00935294,0.617238,0.00785606,-0.442953,0.00546467
1427.5,0.743023,0.00934959,0.616672,0.00785314,-0.442965,0.00546283
1429,0.743176,0.00934296,0.616675,0.00784749,-0.44297,0.00545907
1430.5,0.743443,0.00933962,0.617018,0.00784458,-0.442964,0.00545723
1432,0.743313,0.00933302,0.616798,0.00783895,-0.44297,0.00545349
1433.5,0.743214,0.00932968,0.616283,0.00783605,-0.443224,0.00545166
1435,0.742961,0.0093231,0.616613,0.00783042,-0.444594,0.00544795
1436.5,0.742808,0.00931977,0.616393,0.00782753,-0.444603,0.00544615
1438,0.742941,0.00931321,0.616608,0.00782193,-0.444593,0.00544245
1439.5,0.742929,0.00930989,0.616334,0.00781905,-0.444611,0.00544065
1441,0.743509,0.00930335,0.616472,0.00781346,-0.443224,0.00543694
1442.5,0.743079,0.00930005,0.616393,0.00781059,-0.442981,0.00543513
1444,0.743207,0.00929353,0.616416,0.00780502,-0.443212,0.00543143
1445.5,0.743222,0.00929024,0.616544,0.00780216,-0.442979,0.00542962
1447,0.743458,0.00928374,0.616474,0.0077966,-0.443221,0.00542594
1448.5,0.74343,0.00928047,0.616983,0.00779376,-0.442966,0.00542413
1450,0.74304,0.00927399,0.616397,0.00778822,-0.442979,0.00542046
1451.5,0.743145,0.00927071,0.616983,0.00778539,-0.442955,0.00541866
1453,0.743357,0.00926426,0.617169,0.00777988,-0.442954,0.00541499
1454.5,0.743301,0.009261,0.616638,0.00777705,-0.442977,0.0054132
1456,0.743431,0.00925456,0.616474,0.00777155,-0.44322,0.00540955
1457.5,0.743212,0.00925131,0.617099,0.00776873,-0.442952,0.00540776
1459,0.742913,0.00924489,0.616429,0.00776325,-0.444604,0.00540414
1460.5,0.74289,0.00924165,0.616524,0.00776044,-0.444597,0.00540238
1462,0.743299,0.00923525,0.616998,0.00775498,-0.44296,0.00539875
1463.5,0.742916,0.00923202,0.616585,0.00775217,-0.444594,0.00539699
1465,0.743442,0.00922564,0.616352,0.00774672,-0.443231,0.00539337
1466.5,0.743518,0.00922243,0.616459,0.00774393,-0.443226,0.0053916
1468,0.743167,0.00921607,0.617005,0.0077385,-0.442954,0.00538799
1469.5,0.743258,0.00921286,0.617286,0.00773573,-0.442945,0.00538622
1471,0.742952,0.00920652,0.616706,0.00773032,-0.444587,0.00538265
1472.5,0.742992,0.00920331,0.616605,0.00772754,-0.442967,0.00538088
1474,0.742969,0.00919699,0.616407,0.00772214,-0.442976,0.0053773
1475.5,0.743499,0.00919381,0.616978,0.00771938,-0.442969,0.00537554
1477,0.743115,0.00918751,0.616606,0.007714,-0.442971,0.00537196
1478.5,0.743185,0.00918433,0.616706,0.00771124,-0.442969,0.00537021
1480,0.74297,0.00917804,0.616326,0.00770588,-0.44298,0.00536664
1481.5,0.743381,0.00917488,0.616832,0.00770313,-0.442971,0.00536489
1483,0.743196,0.00916862,0.616354,0.00769778,-0.443217,0.00536134
1484.5,0.743024,0.00916545,0.616343,0.00769504,-0.442981,0.0053596
1486,0.742917,0.00915921,0.616465,0.00768971,-0.444602,0.00535607
1487.5,0.743179,0.00915606,0.617066,0.00768698,-0.442952,0.00535434
1489,0.743228,0.00914984,0.616702,0.00768167,-0.442971,0.0053508
1490.5,0.743054,0.00914669,0.616312,0.00767894,-0.44302,0.00534907
1492,0.743214,0.00914049,0.616273,0.00767365,-0.443225,0.00534555
1493.5,0.743325,0.00913736,0.616506,0.00767093,-0.443211,0.00534382
1495,0.743376,0.00913118,0.617164,0.00766566,-0.442955,0.00534031
1496.5,0.743353,0.00912806,0.616974,0.00766295,-0.442963,0.00533859
1498,0.743362,0.00912189,0.617059,0.0076577,-0.442959,0.00533508
1499.5,0.743426,0.00911878,0.616904,0.007655,-0.442969,0.00533337
