sum,mean,err
1,1,0
1,1,4.998e-07
1,1,3.332e-07
1,1,2.49789e-07
1,1,1.99781e-07
1,1,1.66333e-07
1,1,1.42668e-07
1,1,1.25053e-07
1,1,1.11261e-07
1,1,1.0033e-07
1,1,9.11289e-08
1,1,8.36929e-08
1,1,7.73091e-08
1,1,7.18211e-08
1,1,6.72324e-08
1,1,6.29857e-08
1,1,5.92544e-08
1,1,5.59888e-08
1,1,5.31498e-08
1,1,5.03585e-08
1,1,4.82853e-08
1,1,4.61008e-08
1,1,4.40209e-08
1,1,4.23753e-08
1,1,4.0467e-08
1,1,3.91988e-08
1,1,3.77652e-08
1,1,3.63874e-08
1,1,3.52851e-08
1,1,3.41148e-08
1,1,3.28727e-08
1,1,3.18921e-08
1,1,3.09446e-08
1,1,3.01391e-08
1,1,2.93608e-08
1,1,2.84965e-08
1,1,2.78775e-08
1,1,2.70582e-08
1,1,2.63695e-08
1,1,2.5699e-08
1,1,2.50455e-08
1,1,2.44076e-08
1,1,2.40054e-08
1,1,2.35059e-08
1,1,2.29092e-08
1,1,2.25441e-08
1,1,2.20801e-08
1,1,2.15171e-08
1,1,2.11829e-08
1,1,2.07484e-08
1,1,2.03225e-08
1,1,2.00138e-08
1,1,1.96038e-08
1,1,1.9201e-08
1,1,1.90224e-08
1,1,1.86332e-08
1,1,1.82501e-08
1,1,1.79813e-08
1,1,1.77179e-08
1,1,1.73516e-08
1,1,1.70985e-08
1,1,1.69578e-08
1,1,1.67137e-08
1,1,1.62585e-08
1,1,1.58051e-08
1,1,1.55737e-08
1,1,1.51253e-08
1,1,1.47895e-08
1,1,1.43429e-08
1,1,1.41251e-08
1,1,1.37958e-08
1,1,1.34681e-08
1,1,1.30237e-08
1,1,1.26969e-08
1,1,1.24913e-08
1,1,1.21667e-08
1,1,1.1965e-08
1,1,1.15174e-08
1,1,1.11918e-08
1,1,1.09936e-08
1,1,1.06676e-08
1,1,1.04715e-08
1,1,1.01439e-08
1,1,9.81369e-09
1,1,9.61866e-09
1,1,9.28469e-09
1,1,8.94647e-09
1,1,8.75026e-09
1,1,8.7004e-09
1,1,8.35803e-09
1,1,8.31147e-09
1,1,7.81033e-09
1,1,7.76777e-09
1,1,7.41042e-09
1,1,7.37089e-09
1,1,7.17083e-09
1,1,6.96938e-09
1,1,6.41905e-09
1,1,6.20628e-09
1,1,5.99049e-09
sum,mean,err
375.008,375.008,0
375.008,375.008,0.000187426
375.008,375.008,0.000125015
375.008,375.008,9.37516e-05
375.008,375.008,7.49954e-05
375.008,375.008,6.25424e-05
375.008,375.008,5.36323e-05
375.008,375.008,4.6898e-05
375.008,375.008,4.17444e-05
375.008,375.008,3.75489e-05
375.008,375.008,3.4077e-05
375.008,375.008,3.12458e-05
375.008,375.008,2.88003e-05
375.008,375.008,2.67657e-05
375.008,375.008,2.50146e-05
375.008,375.008,2.34741e-05
375.008,375.008,2.21203e-05
375.008,375.008,2.09349e-05
375.008,375.008,1.98217e-05
375.008,375.008,1.88107e-05
375.008,375.008,1.79737e-05
375.008,375.008,1.71409e-05
375.008,375.008,1.64278e-05
375.008,375.008,1.57886e-05
375.008,375.008,1.51391e-05
375.008,375.008,1.4556e-05
375.008,375.008,1.4036e-05
375.008,375.008,1.35766e-05
375.008,375.008,1.30562e-05
375.008,375.008,1.26321e-05
375.008,375.008,1.22229e-05
375.008,375.008,1.18273e-05
375.008,375.008,1.14838e-05
375.008,375.008,1.11514e-05
375.008,375.008,1.08292e-05
375.008,375.008,1.04768e-05
375.008,375.008,1.01725e-05
375.008,375.008,9.91583e-06
375.008,375.008,9.62667e-06
375.008,375.008,9.42359e-06
375.008,375.008,9.14732e-06
375.008,375.008,8.91645e-06
375.008,375.008,8.73065e-06
375.008,375.008,8.51006e-06
375.008,375.008,8.29403e-06
375.008,375.008,8.04209e-06
375.008,375.008,7.83397e-06
375.008,375.008,7.66987e-06
375.008,375.008,7.42806e-06
375.008,375.008,7.22967e-06
375.008,375.008,7.07521e-06
375.008,375.008,6.88223e-06
375.008,375.008,6.73311e-06
375.008,375.008,6.54462e-06
375.008,375.008,6.44204e-06
375.008,375.008,6.25763e-06
375.008,375.008,6.0745e-06
375.008,375.008,5.8924e-06
375.008,375.008,5.79827e-06
375.008,375.008,5.66247e-06
375.008,375.008,5.48397e-06
375.008,375.008,5.3948e-06
375.008,375.008,5.30707e-06
375.008,375.008,5.13148e-06
375.008,375.008,5.00111e-06
375.008,375.008,4.91717e-06
375.008,375.008,4.78856e-06
375.008,375.008,4.75269e-06
375.008,375.008,4.57951e-06
375.008,375.008,4.45245e-06
375.008,375.008,4.37326e-06
375.008,375.008,4.29489e-06
375.008,375.008,4.16911e-06
375.008,375.008,4.14045e-06
375.008,375.008,4.06428e-06
375.008,375.008,3.9398e-06
375.008,375.008,3.8147e-06
375.008,375.008,3.73965e-06
375.008,375.008,3.7156e-06
375.008,375.008,3.59084e-06
375.008,375.008,3.56832e-06
375.008,375.008,3.44342e-06
375.008,375.008,3.3701e-06
375.008,375.008,3.34974e-06
375.008,375.008,3.22401e-06
375.008,375.008,3.20499e-06
375.008,375.008,3.02279e-06
375.008,375.008,3.00537e-06
375.008,375.008,2.98824e-06
375.008,375.008,2.85924e-06
375.008,375.008,2.84331e-06
375.008,375.008,2.77051e-06
375.008,375.008,2.6974e-06
375.008,375.008,2.68286e-06
375.008,375.008,2.60989e-06
375.008,375.008,2.53643e-06
375.008,375.008,2.46238e-06
375.008,375.008,2.38762e-06
375.008,375.008,2.37541e-06
375.008,375.008,2.30035e-06
sum,mean,err
5.46211,5.46211,0
5.52336,5.49274,0.0306263
5.59967,5.52838,0.039788
5.51614,5.52532,0.0283004
5.56791,5.53384,0.0235184
5.49723,5.52774,0.0201489
5.47314,5.51994,0.0187304
5.48758,5.51589,0.0167178
5.5935,5.52451,0.0170803
5.58466,5.53053,0.0164183
5.49388,5.5272,0.0152201
5.58044,5.53163,0.0145853
5.65325,5.54099,0.016356
5.64029,5.54808,0.0167214
5.51596,5.54594,0.0157134
5.65093,5.5525,0.0160968
5.61702,5.5563,0.0155893
5.46437,5.55119,0.0155598
5.55419,5.55135,0.0147189
5.43715,5.54564,0.015086
5.66319,5.55124,0.0154028
5.49067,5.54848,0.0149418
5.61647,5.55144,0.0145802
5.67318,5.55651,0.0148525
5.57038,5.55707,0.0142568
5.41854,5.55174,0.0146972
5.45055,5.54799,0.0146306
5.64983,5.55163,0.01456
5.52483,5.5507,0.0140793
5.47619,5.54822,0.0138268
5.45584,5.54524,0.0137013
5.57715,5.54624,0.0133037
5.50848,5.54509,0.0129449
5.51778,5.54429,0.0125841
5.5674,5.54495,0.012237
5.53597,5.5447,0.0118949
5.57278,5.54546,0.0115938
5.7765,5.55154,0.0128183
5.51129,5.55051,0.0125279
5.49275,5.54906,0.0122957
5.49825,5.54782,0.012056
5.49965,5.54668,0.0118212
5.58174,5.54749,0.0115718
5.56149,5.54781,0.0113102
5.66532,5.55042,0.0113602
5.45251,5.54829,0.0113126
5.43034,5.54578,0.0113502
5.61253,5.54717,0.0111979
5.52396,5.5467,0.0109773
5.51892,5.54614,0.0107698
5.72069,5.54957,0.0110974
5.4551,5.54775,0.0110325
5.60206,5.54878,0.0108708
5.5756,5.54927,0.0106791
5.44699,5.54741,0.0106468
5.64937,5.54923,0.0106123
5.46742,5.5478,0.0105228
5.50519,5.54706,0.0103659
5.62839,5.54844,0.0102815
5.71376,5.5512,0.0104775
5.56622,5.55144,0.0103072
5.42856,5.54946,0.0103315
5.35004,5.5463,0.0106476
5.57662,5.54677,0.0104906
5.55425,5.54688,0.0103286
5.64083,5.54831,0.01027
5.63499,5.5496,0.010198
5.60396,5.5504,0.0100786
5.46459,5.54916,0.0100091
5.62897,5.5503,0.00993072
5.4576,5.54899,0.00987653
5.40063,5.54693,0.00995399
5.51461,5.54649,0.00982667
5.57372,5.54686,0.00969995
5.46855,5.54581,0.00962653
5.64822,5.54716,0.00959412
5.43392,5.54569,0.00958223
5.46384,5.54464,0.00951662
5.49053,5.54395,0.00942031
5.43901,5.54264,0.00939385
5.59999,5.54335,0.00930413
5.49467,5.54276,0.00920912
5.4213,5.54129,0.00921444
5.58768,5.54185,0.00912081
5.68145,5.54349,0.0091613
5.51362,5.54314,0.00906081
5.37983,5.54126,0.00915065
5.47792,5.54054,0.00907466
5.48929,5.53997,0.00899058
5.2728,5.537,0.00937267
5.55961,5.53725,0.00927243
5.60093,5.53794,0.00919717
5.61035,5.53872,0.009131
5.51282,5.53844,0.00903754
5.61136,5.53921,0.00897478
5.45778,5.53836,0.00892122
5.58803,5.53887,0.00884361
5.61059,5.53961,0.00878344
5.62056,5.54042,0.00873264
5.5924,5.54094,0.00866048
sum,mean,err
370.962,370.962,0
370.962,370.962,0.000185474
370.962,370.962,0.000123669
370.962,370.962,9.27633e-05
370.962,370.962,7.41171e-05
370.962,370.962,6.17934e-05
370.962,370.962,5.29955e-05
370.962,370.962,4.6363e-05
370.962,370.962,4.12182e-05
370.962,370.962,3.71158e-05
370.962,370.962,3.37337e-05
370.962,370.962,3.09053e-05
370.962,370.962,2.85466e-05
370.962,370.962,2.65136e-05
370.962,370.962,2.47641e-05
370.962,370.962,2.32248e-05
370.962,370.962,2.18306e-05
370.962,370.962,2.06881e-05
370.962,370.962,1.95755e-05
370.962,370.962,1.85648e-05
370.962,370.962,1.7688e-05
370.962,370.962,1.69376e-05
370.962,370.962,1.61435e-05
370.962,370.962,1.54647e-05
370.962,370.962,1.48561e-05
370.962,370.962,1.4314e-05
370.962,370.962,1.37133e-05
370.962,370.962,1.32552e-05
370.962,370.962,1.28152e-05
370.962,370.962,1.23509e-05
370.962,370.962,1.19824e-05
370.962,370.962,1.16272e-05
370.962,370.962,1.12437e-05
370.962,370.962,1.09115e-05
370.962,370.962,1.06297e-05
370.962,370.962,1.03168e-05
370.962,370.962,1.00526e-05
sum,mean,err
1,1,0
1,1,4.998e-07
1,1,3.332e-07
1,1,2.49789e-07
1,1,1.99781e-07
1,1,1.66333e-07
1,1,1.42668e-07
1,1,1.25053e-07
1,1,1.11261e-07
1,1,1.0033e-07
1,1,9.11289e-08
1,1,8.36929e-08
1,1,7.73091e-08
1,1,7.18211e-08
1,1,6.72324e-08
1,1,6.29857e-08
1,1,5.92544e-08
1,1,5.59888e-08
1,1,5.31498e-08
1,1,5.03585e-08
1,1,4.82853e-08
1,1,4.61008e-08
1,1,4.40209e-08
1,1,4.23753e-08
1,1,4.0467e-08
1,1,3.91988e-08
1,1,3.77652e-08
1,1,3.63874e-08
1,1,3.52851e-08
1,1,3.41148e-08
1,1,3.28727e-08
1,1,3.18921e-08
1,1,3.09446e-08
1,1,3.01391e-08
1,1,2.93608e-08
1,1,2.84965e-08
1,1,2.78775e-08
1,1,2.70582e-08
1,1,2.63695e-08
1,1,2.5699e-08
1,1,2.50455e-08
1,1,2.44076e-08
1,1,2.40054e-08
1,1,2.35059e-08
1,1,2.29092e-08
1,1,2.25441e-08
1,1,2.20801e-08
1,1,2.15171e-08
1,1,2.11829e-08
1,1,2.07484e-08
1,1,2.03225e-08
1,1,2.00138e-08
1,1,1.96038e-08
1,1,1.9201e-08
1,1,1.90224e-08
1,1,1.86332e-08
1,1,1.82501e-08
1,1,1.79813e-08
1,1,1.77179e-08
1,1,1.73516e-08
1,1,1.70985e-08
1,1,1.69578e-08
1,1,1.67137e-08
1,1,1.62585e-08
1,1,1.58051e-08
1,1,1.55737e-08
1,1,1.51253e-08
1,1,1.47895e-08
1,1,1.43429e-08
1,1,1.41251e-08
1,1,1.37958e-08
1,1,1.34681e-08
1,1,1.30237e-08
1,1,1.26969e-08
1,1,1.24913e-08
1,1,1.21667e-08
1,1,1.1965e-08
1,1,1.15174e-08
1,1,1.11918e-08
1,1,1.09936e-08
1,1,1.06676e-08
1,1,1.04715e-08
1,1,1.01439e-08
1,1,9.81369e-09
1,1,9.61866e-09
1,1,9.28469e-09
1,1,8.94647e-09
1,1,8.75026e-09
1,1,8.7004e-09
1,1,8.35803e-09
1,1,8.31147e-09
1,1,7.81033e-09
1,1,7.76777e-09
1,1,7.41042e-09
1,1,7.37089e-09
1,1,7.17083e-09
1,1,6.96938e-09
1,1,6.41905e-09
1,1,6.20628e-09
1,1,5.99049e-09
sum,mean,err
0.846422,0.846422,0
0.846423,0.846423,4.23308e-07
0.846423,0.846423,2.82238e-07
0.846423,0.846423,2.11698e-07
0.846423,0.846423,1.6949e-07
0.846423,0.846423,1.41365e-07
0.846423,0.846423,1.21287e-07
0.846423,0.846423,1.06117e-07
0.846423,0.846423,9.44638e-08
0.846423,0.846423,8.50223e-08
0.846423,0.846423,7.72852e-08
0.846423,0.846423,7.08251e-08
0.846423,0.846423,6.54493e-08
0.846423,0.846423,6.08103e-08
0.846423,0.846423,5.67419e-08
0.846423,0.846423,5.3173e-08
0.846423,0.846423,4.998e-08
0.846423,0.846423,4.726e-08
0.846423,0.846423,4.47724e-08
0.846423,0.846423,4.2492e-08
0.846423,0.846423,4.05355e-08
0.846423,0.846423,3.86118e-08
0.846423,0.846423,3.6981e-08
0.846423,0.846423,3.54945e-08
0.846423,0.846423,3.41428e-08
0.846423,0.846423,3.27826e-08
0.846423,0.846423,3.14748e-08
0.846423,0.846423,3.04169e-08
0.846423,0.846423,2.94005e-08
0.846423,0.846423,2.84215e-08
0.846423,0.846423,2.74764e-08
0.846423,0.846423,2.66291e-08
0.846423,0.846423,2.58096e-08
0.846423,0.846423,2.50824e-08
0.846423,0.846423,2.43782e-08
0.846423,0.846423,2.3628e-08
0.846423,0.846423,2.30313e-08
0.846423,0.846423,2.23182e-08
0.846423,0.846423,2.18226e-08
0.846423,0.846423,2.11409e-08
0.846423,0.846423,2.06745e-08
0.846423,0.846423,2.01539e-08
0.846423,0.846423,1.97793e-08
0.846423,0.846423,1.92149e-08
0.846423,0.846423,1.8795e-08
0.846423,0.846423,1.84518e-08
0.846423,0.846423,1.80507e-08
0.846423,0.846423,1.77248e-08
0.846423,0.846423,1.73403e-08
0.846423,0.846423,1.69632e-08
0.846423,0.846423,1.65932e-08
0.846423,0.846423,1.63634e-08
0.846423,0.846423,1.60064e-08
0.846423,0.846423,1.5722e-08
0.846423,0.846423,1.54432e-08
0.846423,0.846423,1.5103e-08
0.846423,0.846423,1.48345e-08
0.846423,0.846423,1.46374e-08
0.846423,0.846423,1.44446e-08
0.846423,0.846423,1.41232e-08
0.846423,0.846423,1.39388e-08
0.846423,0.846423,1.36917e-08
0.846423,0.846423,1.34484e-08
0.846423,0.846423,1.3275e-08
0.846423,0.846423,1.31049e-08
0.846423,0.846423,1.28717e-08
0.846423,0.846423,1.26414e-08
0.846423,0.846423,1.24805e-08
0.846423,0.846423,1.23884e-08
0.846423,0.846423,1.21667e-08
0.846423,0.846423,1.20137e-08
0.846423,0.846423,1.1797e-08
0.846423,0.846423,1.15824e-08
0.846423,0.846423,1.15028e-08
0.846423,0.846423,1.1359e-08
0.846423,0.846423,1.10844e-08
0.846423,0.846423,1.08778e-08
0.846423,0.846423,1.08069e-08
0.846423,0.846423,1.06709e-08
0.846423,0.846423,1.04698e-08
0.846423,0.846423,1.03373e-08
0.846423,0.846423,1.02733e-08
0.846423,0.846423,1.01439e-08
0.846423,0.846423,1.00161e-08
0.846423,0.846423,9.88966e-09
0.846423,0.846423,9.83131e-09
0.846423,0.846423,9.70772e-09
0.846423,0.846423,9.51863e-09
0.846423,0.846423,9.4644e-09
0.846423,0.846423,9.41108e-09
0.846423,0.846423,9.29251e-09
0.846423,0.846423,9.17506e-09
0.846423,0.846423,9.0587e-09
0.846423,0.846423,8.94337e-09
0.846423,0.846423,8.89567e-09
0.846423,0.846423,8.78244e-09
0.846423,0.846423,8.73658e-09
0.846423,0.846423,8.62533e-09
0.846423,0.846423,8.51495e-09
0.846423,0.846423,8.47184e-09
