-0.254392
-0.309063
-0.331831
-0.347708
-0.408318
-0.372979
-0.39886
-0.32819
-0.391091
-0.435353
-0.446632
-0.447513
-0.449505
-0.462188
-0.464828
-0.437629
-0.457127
-0.474528
-0.474387
-0.502978
-0.559063
-0.481627
-0.458149
-0.398926
-0.348965
-0.331923
-0.372527
-0.380971
-0.276007
-0.367202
-0.42055
-0.387985
-0.385883
-0.42711
-0.443403
-0.400177
-0.344126
-0.397627
-0.421672
-0.436152
-0.394945
-0.45719
-0.422958
-0.396004
-0.405709
-0.429264
-0.492794
-0.433224
-0.439525
-0.505037
-0.50454
-0.362956
-0.416785
-0.423192
-0.326298
-0.347833
-0.421634
-0.392562
-0.391389
-0.390101
-0.399932
-0.390583
-0.388674
-0.401185
-0.409318
-0.40986
-0.355187
-0.415517
-0.478665
-0.416815
-0.42752
-0.405623
-0.403
-0.369125
-0.378882
-0.42372
-0.444868
-0.400363
-0.448299
-0.421404
-0.378999
-0.303674
-0.3059
-0.318923
-0.381976
-0.443456
-0.461949
-0.44208
-0.323987
-0.301674
-0.318463
-0.352506
-0.360927
-0.334699
-0.302059
-0.3478
-0.306796
-0.324377
-0.335703
-0.336185
-0.3637
-0.33936
-0.414062
-0.391926
-0.376358
-0.438324
-0.391414
-0.462774
-0.418559
-0.370739
-0.400826
-0.414637
-0.450668
-0.488436
-0.422411
-0.433996
-0.372067
-0.411678
-0.425877
-0.42461
-0.440003
-0.425371
-0.453944
-0.452322
-0.411237
-0.341914
-0.344756
-0.419761
-0.418683
-0.42947
-0.340155
-0.335395
-0.389167
-0.354432
-0.343164
-0.351329
-0.372901
-0.414458
-0.408808
-0.429168
-0.366956
-0.350972
-0.43776
-0.40633
-0.428231
-0.422627
-0.409705
-0.418764
-0.417255
-0.405448
-0.414398
-0.43568
-0.433464
-0.459889
-0.437137
-0.492635
-0.511981
-0.449175
-0.463854
-0.431248
-0.449069
-0.522696
-0.508041
-0.457714
-0.427404
-0.447605
-0.491703
-0.442285
-0.401592
-0.377527
-0.3584
-0.373664
-0.358247
-0.356596
-0.309112
-0.336977
-0.334488
-0.314005
-0.360621
-0.317667
-0.33818
-0.339902
-0.353241
-0.37749
-0.389629
-0.345172
-0.411802
-0.408302
-0.310246
-0.339411
-0.344871
-0.453967
-0.401979
-0.337532
-0.383469
-0.398672
-0.366578
-0.425268
-0.416139
-0.404045
-0.408031
-0.395913
-0.40566
-0.446266
-0.449796
-0.458474
-0.430096
-0.395405
-0.39178
-0.445193
-0.442094
-0.433049
-0.482056
-0.411213
-0.463756
-0.394009
-0.416847
-0.43822
-0.44033
-0.47089
-0.493886
-0.419722
-0.430824
-0.445468
-0.471283
-0.467453
-0.43836
-0.418603
-0.469721
-0.43382
-0.489319
-0.45365
-0.470435
-0.497662
-0.351602
-0.454391
-0.517612
-0.453895
-0.414071
-0.368551
-0.459228
-0.433329
-0.424291
-0.396201
-0.414915
-0.394247
-0.389801
-0.401851
-0.430851
-0.370043
-0.40472
-0.380229
-0.385313
-0.419933
-0.375045
-0.386989
-0.339327
-0.370045
-0.428164
-0.459231
-0.457148
-0.399628
-0.431583
-0.392568
-0.368816
-0.351969
-0.406221
-0.434428
-0.431582
-0.395952
-0.394039
-0.388479
-0.367012
-0.359068
-0.390654
-0.36217
-0.417852
-0.427879
-0.396614
-0.381567
-0.417049
-0.393164
-0.398201
-0.371449
-0.399469
-0.353651
-0.340033
-0.32494
-0.367611
-0.371513
-0.376425
-0.346871
-0.4223
-0.445707
-0.507671
-0.548494
-0.580935
-0.483709
-0.464649
-0.456602
-0.428454
-0.430561
-0.429926
-0.358559
-0.357039
-0.370743
-0.352221
-0.42482
-0.460687
-0.440603
-0.500125
-0.50189
-0.45556
-0.401401
-0.416382
-0.419545
-0.422388
-0.481021
-0.407636
-0.393367
-0.38104
-0.476175
-0.474542
-0.40254
-0.48864
-0.379004
-0.440118
-0.451763
-0.406669
-0.389423
-0.365693
-0.392811
-0.356487
-0.315229
-0.354018
-0.371582
-0.360907
-0.358003
-0.438472
-0.347499
-0.32265
-0.351477
-0.334606
-0.329122
-0.342821
-0.41722
-0.356166
-0.393111
-0.377526
-0.40751
-0.444934
-0.42465
-0.391245
-0.485252
-0.550887
-0.521271
-0.498958
-0.52753
-0.454357
-0.432806
-0.451927
-0.449061
-0.476983
-0.392298
-0.475969
-0.428407
-0.417873
-0.437709
-0.465754
-0.463445
-0.513404
-0.435011
-0.461292
-0.462318
-0.345517
-0.369562
-0.431765
-0.41968
-0.422285
-0.447579
-0.40301
-0.462419
-0.435942
-0.441525
-0.435157
-0.420548
-0.374171
-0.454984
-0.420001
-0.373764
-0.383456
-0.382488
-0.420618
-0.418696
-0.425109
-0.402997
-0.389467
-0.398706
-0.439911
-0.39316
-0.324334
-0.345188
-0.431039
-0.460561
-0.405069
-0.376004
-0.407164
-0.329217
-0.36459
-0.377216
-0.339141
-0.381656
-0.380525
-0.382943
-0.35953
-0.355498
-0.387534
-0.344684
-0.399987
-0.462658
-0.395175
-0.382594
-0.382789
-0.400015
-0.432748
-0.375979
-0.33198
-0.408488
-0.495498
-0.501326
-0.505385
-0.531178
-0.554821
-0.527493
-0.517869
-0.398929
-0.399351
-0.401587
-0.416186
-0.473378
-0.417357
-0.445682
-0.45124
-0.49078
-0.480376
-0.467244
-0.458904
-0.428501
-0.373877
-0.452476
-0.38732
-0.437866
-0.413111
-0.405238
-0.359423
-0.426602
-0.462313
-0.433848
-0.436625
-0.39202
-0.373354
-0.378345
-0.482191
-0.494107
-0.399397
-0.39275
-0.432795
-0.452388
-0.481536
-0.437481
-0.325333
-0.386127
-0.413088
-0.464145
-0.430674
-0.350692
-0.370497
-0.378827
-0.375335
-0.356371
-0.375376
-0.403897
-0.321049
-0.337894
-0.418408
-0.467635
-0.412835
-0.37661
-0.368469
-0.357249
-0.421129
-0.445852
-0.497081
-0.454405
-0.483142
-0.363593
-0.405584
-0.40443
-0.417388
-0.356388
-0.388976
-0.367664
-0.380415
-0.395974
-0.418649
-0.448084
-0.448666
-0.397667
-0.353856
-0.396097
-0.432475
-0.394026
-0.353123
-0.397775
-0.36246
-0.375663
-0.39737
-0.359553
-0.399416
-0.372195
-0.376563
-0.425261
-0.437527
-0.450402
-0.414134
-0.385544
-0.410368
-0.404057
-0.365136
-0.334481
-0.3573
-0.367197
-0.413443
-0.411094
-0.380421
-0.292295
-0.378817
-0.412354
-0.395787
-0.412244
-0.376691
-0.339505
-0.360676
-0.45387
-0.358562
-0.384642
-0.358782
-0.429574
-0.446935
-0.504039
-0.465306
-0.480413
-0.476583
-0.422169
-0.45334
-0.494105
-0.51137
-0.475769
-0.450502
-0.475491
-0.422483
-0.425349
-0.423697
-0.463673
-0.435745
-0.378757
-0.421408
-0.35035
-0.41471
-0.382223
-0.404464
-0.442084
-0.472411
-0.47522
-0.48207
-0.474028
-0.428032
-0.408057
-0.383715
-0.368083
-0.377089
-0.37449
-0.323118
-0.362261
-0.371639
-0.422011
-0.446399
-0.365922
-0.348437
-0.362531
-0.42131
-0.381016
-0.358758
-0.399293
-0.376279
-0.41286
-0.446107
-0.280238
-0.428931
-0.452064
-0.494265
-0.427658
-0.381478
-0.407715
-0.368371
-0.378929
-0.402734
-0.402235
-0.426397
-0.378981
-0.376776
-0.417219
-0.355706
-0.350528
-0.354259
-0.385987
-0.434725
-0.371764
-0.329536
-0.363457
-0.332031
-0.345696
-0.355544
-0.422884
-0.373488
-0.405065
-0.364398
-0.364697
-0.443993
-0.441524
-0.397529
-0.423112
-0.437441
-0.428617
-0.356746
-0.426135
-0.468352
-0.475057
-0.383198
-0.375072
-0.436097
-0.396098
-0.392742
-0.500171
-0.506683
-0.464941
-0.37878
-0.397904
-0.431522
-0.469226
-0.418636
-0.363609
-0.396944
-0.413609
-0.415353
-0.448571
-0.354102
-0.375799
-0.374779
-0.408348
-0.465717
-0.466191
-0.402186
-0.411741
-0.404426
-0.372873
-0.363166
-0.391928
-0.345455
-0.385127
-0.40632
-0.417253
-0.386031
-0.443531
-0.515939
-0.498584
-0.457271
-0.527193
-0.578198
-0.585135
-0.53564
-0.585813
-0.503983
-0.463144
-0.413481
-0.479138
-0.425699
-0.453812
-0.360208
-0.411222
-0.525412
-0.560996
-0.464736
-0.399071
-0.493653
-0.437438
-0.409208
-0.414995
-0.427544
-0.37648
-0.367543
-0.382457
-0.30302
-0.33451
-0.359435
-0.396903
-0.411418
-0.422365
-0.395822
-0.324097
-0.235268
-0.258572
-0.405623
-0.362731
-0.336341
-0.308257
-0.311508
-0.322635
-0.343899
-0.353597
-0.41733
-0.405807
-0.340516
-0.382521
-0.384291
-0.345499
-0.293071
-0.327832
-0.339582
-0.378085
-0.382976
-0.38387
-0.353551
-0.339713
-0.342933
-0.361834
-0.314473
-0.299853
-0.303163
-0.41607
-0.38706
-0.421008
-0.34266
-0.353815
-0.360257
-0.376757
-0.340232
-0.414786
-0.393376
-0.35005
-0.437821
-0.37759
-0.297748
-0.33307
-0.420486
-0.416758
-0.409039
-0.444286
-0.428911
-0.365874
-0.449842
-0.473283
-0.420812
-0.458502
-0.440884
-0.397341
-0.475402
-0.462145
-0.489106
-0.497321
-0.463819
-0.409032
-0.408511
-0.430153
-0.312245
-0.397924
-0.378674
-0.306834
-0.308454
-0.300002
-0.401106
-0.382953
-0.386247
-0.394427
-0.375922
-0.324889
-0.406381
-0.380504
-0.353502
-0.415044
-0.39427
-0.383929
-0.357538
-0.377936
-0.427087
-0.361492
-0.260979
-0.299111
-0.313012
-0.334233
-0.405067
-0.417379
-0.382898
-0.355174
-0.438336
-0.432281
-0.478093
-0.512129
-0.526807
-0.530779
-0.51699
-0.549042
-0.496854
-0.493041
-0.456679
-0.486962
-0.430649
-0.421979
-0.438405
-0.41675
-0.42689
-0.36105
-0.389031
-0.4488
-0.448243
-0.466142
-0.389288
-0.468433
-0.455485
-0.424931
-0.399364
-0.401141
-0.451461
-0.497865
-0.491981
-0.514009
-0.477719
-0.468516
-0.432528
-0.39886
-0.397463
-0.350484
-0.329769
-0.294285
-0.392339
-0.408094
-0.331582
-0.351031
-0.428294
-0.411477
-0.508872
-0.46496
-0.437201
-0.483377
-0.411335
-0.411025
-0.441528
-0.463031
-0.47989
-0.371437
-0.359885
-0.4344
-0.363551
-0.341693
-0.390524
-0.43475
-0.427268
-0.467496
-0.42095
-0.45966
-0.398948
-0.399264
-0.388467
-0.406542
-0.373171
-0.423832
-0.434146
-0.490131
-0.472635
-0.507511
-0.504653
-0.50055
-0.466586
-0.453211
-0.397609
-0.360698
-0.38232
-0.330827
-0.387814
-0.448551
-0.467403
-0.493953
-0.478279
-0.418619
-0.434512
-0.465635
-0.446412
-0.494797
-0.470033
-0.543372
-0.37709
-0.502663
-0.492072
-0.451659
-0.446261
-0.397376
-0.370733
-0.378972
-0.394881
-0.391629
-0.392662
-0.483842
-0.420341
-0.403704
-0.455772
-0.414001
-0.387836
-0.39598
-0.339842
-0.348512
-0.390449
-0.412484
-0.413742
-0.362123
-0.463241
-0.466201
-0.472234
-0.462465
-0.366683
-0.385427
-0.412672
-0.312102
-0.39217
-0.407003
-0.329784
-0.390376
-0.409359
-0.467648
-0.507232
-0.39904
-0.402951
-0.428688
-0.423437
-0.439195
-0.388455
-0.410046
-0.321495
-0.329813
-0.346626
-0.336883
-0.327655
-0.378072
-0.466569
-0.381412
-0.373069
-0.439784
-0.433871
-0.479206
-0.464164
-0.402078
-0.432882
-0.429192
-0.483852
-0.426421
-0.431253
-0.443101
-0.397474
-0.417442
-0.497111
-0.42923
-0.376928
-0.427109
-0.386908
-0.367757
-0.379382
-0.369926
-0.422007
-0.409186
-0.469258
-0.473959
-0.419585
-0.433673
-0.405372
-0.448584
-0.37059
-0.35689
-0.394431
-0.371706
-0.332188
-0.40524
-0.377376
-0.443079
-0.428275
-0.418165
-0.454634
-0.482574
-0.440322
-0.395593
-0.366612
-0.403566
-0.37366
-0.358675
-0.324287
-0.384766
-0.345434
-0.425238
-0.380662
-0.439863
-0.423869
-0.426457
-0.413376
-0.450875
-0.410077
-0.335827
-0.328033
-0.327221
-0.313218
-0.340689
-0.362512
-0.257606
-0.363203
-0.400445
-0.374889
-0.355071
-0.28053
-0.330189
-0.342619
-0.364703
-0.369368
-0.38791
-0.395276
-0.3909
-0.37646
-0.386253
-0.389701
-0.330064
-0.324301
-0.254026
-0.331488
-0.26434
-0.325294
-0.389597
-0.442003
-0.486399
-0.501049
-0.443487
-0.357859
-0.355174
-0.384258
-0.399648
-0.412015
-0.443558
-0.380036
-0.378915
-0.367759
-0.316432
-0.35457
-0.386245
-0.427016
-0.365728
-0.425947
-0.41117
-0.445363
-0.435663
-0.520565
-0.480642
-0.510548
-0.482897
-0.439143
-0.446115
-0.412373
-0.379637
-0.355353
-0.35199
-0.353401
-0.398333
-0.397191
-0.346251
-0.340192
-0.386239
-0.461009
-0.439813
-0.394749
-0.383067
-0.345994
-0.359705
-0.347725
-0.390852
-0.37877
-0.351528
-0.364989
-0.340405
-0.361966
-0.37219
-0.410378
-0.371129
-0.351382
-0.358587
-0.414967
-0.399456
-0.440327
-0.376168
-0.319902
-0.346579
-0.348413
-0.399214
-0.428028
-0.497372
-0.381018
-0.417529
-0.404755
-0.426076
-0.449926
-0.394835
-0.458412
-0.502185
-0.455102
-0.483436
-0.486121
-0.436127
-0.453208
-0.374735
-0.417461
-0.441711
-0.417185
-0.440285
-0.49151
-0.428556
-0.413968
-0.407449
-0.379636
-0.488508
-0.419667
-0.423197
-0.407083
-0.42277
-0.495727
-0.555669
-0.48898
-0.474022
-0.47767
-0.406348
-0.402724
-0.364883
-0.328361
-0.374753
-0.416141
-0.396852
-0.35397
-0.404018
-0.377901
-0.419763
-0.486566
-0.468762
-0.468141
-0.49067
-0.39301
-0.387537
-0.45907
-0.44542
-0.399378
-0.483172
-0.444605
-0.463815
-0.405971
-0.399243
-0.3738
-0.398676
-0.404187
-0.417749
-0.404721
-0.358467
-0.31302
-0.390237
-0.42062
-0.438376
-0.46502
-0.430849
-0.4348
-0.437337
-0.458902
-0.387797
-0.351323
-0.449387
-0.447697
-0.405667
-0.381357
-0.443041
-0.472428
-0.385628
-0.470805
-0.408658
-0.464022
-0.431036
-0.408854
-0.38241
-0.41684
-0.416913
-0.401908
-0.43113
-0.484157
-0.525647
-0.441272
-0.371954
-0.359515
-0.404702
-0.423373
-0.46486
-0.446406
-0.461599
-0.509659
-0.48192
-0.410211
-0.422231
-0.410838
-0.461614
-0.430016
-0.381315
-0.370764
-0.365916
-0.375974
-0.444066
-0.441126
-0.470457
-0.386746
-0.424649
-0.359968
-0.446428
-0.399267
-0.461646
-0.454856
-0.515611
-0.433787
-0.403474
-0.455181
-0.469421
-0.372574
-0.371234
-0.386045
-0.442541
-0.413818
-0.390562
-0.378279
-0.366002
-0.397063
-0.422068
-0.382174
-0.37965
-0.373884
-0.416562
-0.371828
-0.379272
-0.353128
-0.366087
-0.377788
-0.34449
-0.309392
-0.294252
-0.382804
-0.398248
-0.368448
-0.40112
-0.380428
-0.432953
-0.394829
-0.394769
-0.427885
-0.421323
-0.398766
-0.404915
-0.442423
-0.468627
-0.391254
-0.424901
-0.412162
-0.380299
-0.447913
-0.441743
-0.391854
-0.455413
-0.414674
-0.438613
-0.425654
-0.384838
-0.41943
-0.424404
-0.378128
-0.385259
-0.434133
-0.438758
-0.497215
-0.492644
-0.412889
-0.389622
-0.38179
-0.463383
-0.421907
-0.444962
-0.432335
-0.442321
-0.504581
-0.449573
-0.426633
-0.397705
-0.394278
-0.442329
-0.410101
-0.455325
-0.415597
-0.428117
-0.324765
-0.41292
-0.404506
-0.430485
-0.435519
-0.39902
-0.451588
-0.412821
-0.420853
-0.455401
-0.435837
-0.405549
-0.408297
-0.391024
-0.416786
-0.425315
-0.386496
-0.385839
-0.391761
-0.47984
-0.465061
-0.471385
-0.45097
-0.338466
-0.330289
-0.429718
-0.419067
-0.419038
-0.431665
-0.36856
-0.395636
-0.439545
-0.459094
-0.425218
-0.465825
-0.412866
-0.421614
-0.399299
-0.360744
-0.346231
-0.365741
-0.354934
-0.35476
-0.436448
-0.414621
-0.355264
-0.440841
-0.408624
-0.40517
-0.428113
-0.393049
-0.421071
-0.460907
-0.493635
-0.349121
-0.367985
-0.373455
-0.381087
-0.376236
-0.416279
-0.469181
-0.354274
-0.403693
-0.381643
-0.348973
-0.291597
-0.374827
-0.382308
-0.361987
-0.376225
-0.360184
-0.440221
-0.423548
-0.401399
-0.408689
-0.439665
-0.477829
-0.457125
-0.488324
-0.491456
-0.464667
-0.496983
-0.458892
-0.520011
-0.473051
-0.448693
-0.365997
-0.405665
-0.463176
-0.468129
-0.480477
-0.49102
-0.419216
-0.376059
-0.351358
-0.355743
-0.391271
-0.37238
-0.382345
-0.35828
-0.365171
-0.324159
-0.343022
-0.325178
-0.351282
-0.437442
-0.460482
-0.427235
-0.478508
-0.378743
-0.429989
-0.422893
-0.459566
-0.45648
-0.435929
-0.425667
-0.463961
-0.444576
-0.5145
-0.497703
-0.452384
-0.410169
-0.442689
-0.501994
-0.492965
-0.42605
-0.482557
-0.46686
-0.516972
-0.548823
-0.476579
-0.392238
-0.437932
-0.425528
-0.432041
-0.403628
-0.408273
-0.408725
-0.417837
-0.416989
-0.4106
-0.454142
-0.405497
-0.336966
-0.33525
-0.35786
-0.368465
-0.399658
-0.406492
-0.350242
-0.308868
-0.346797
-0.399352
-0.320129
-0.415955
-0.385589
-0.408327
-0.400622
-0.4329
-0.472563
-0.428592
-0.400849
-0.327941
-0.371168
-0.342963
-0.349754
-0.388644
-0.464516
-0.472042
-0.369774
-0.406842
-0.38406
-0.382806
-0.374314
-0.380931
-0.387074
-0.334252
-0.364253
-0.337425
-0.449944
-0.412238
-0.331009
-0.360187
-0.415002
-0.466612
-0.463512
-0.466291
-0.401956
-0.374554
-0.327668
-0.341363
-0.390352
-0.369171
-0.362287
-0.364318
-0.382468
-0.362755
-0.356371
-0.331781
-0.343136
-0.332836
-0.367003
-0.397608
-0.35601
-0.283364
-0.340162
-0.400904
-0.417173
-0.396974
-0.433642
-0.474047
-0.4342
-0.460047
-0.422751
-0.423974
-0.41232
-0.463421
-0.443805
-0.423939
-0.44371
-0.470082
-0.448624
-0.447732
-0.400175
-0.484657
-0.455645
-0.457964
-0.419372
-0.402593
-0.403809
-0.396414
-0.432775
-0.382706
-0.388429
-0.359697
-0.369683
-0.391712
-0.424971
-0.360908
-0.359423
-0.385572
-0.355433
-0.441773
-0.435007
-0.449762
-0.417821
-0.445378
-0.474135
-0.476185
-0.488239
-0.477288
-0.485869
-0.504467
-0.566136
-0.462491
-0.424015
-0.504517
-0.483541
-0.474722
-0.463755
-0.491128
-0.430444
-0.401178
-0.493035
-0.443107
-0.516092
-0.486608
-0.400062
-0.441419
-0.461216
-0.419944
-0.410603
-0.385123
-0.35502
-0.365517
-0.40801
-0.360973
-0.45797
-0.408238
-0.373759
-0.35487
-0.315689
-0.383203
-0.38197
-0.416872
-0.406987
-0.473903
-0.442375
-0.422581
-0.37536
-0.337274
-0.396069
-0.450813
-0.432421
-0.408973
-0.421676
-0.405565
-0.447266
-0.384876
-0.460752
-0.428211
-0.362432
-0.339677
-0.388904
-0.414587
-0.379765
-0.347537
-0.357941
-0.406822
-0.407029
-0.405276
-0.44294
-0.414562
-0.360207
-0.353413
-0.375034
-0.359845
-0.395724
-0.49354
-0.449699
-0.45884
-0.386218
-0.444642
-0.436309
-0.355096
-0.403965
-0.372085
-0.317524
-0.4156
-0.344959
-0.46934
-0.374418
-0.368388
-0.358136
-0.338984
-0.387235
-0.457557
-0.482674
-0.370274
-0.439469
-0.462379
-0.398897
-0.384741
-0.358758
-0.367751
-0.348059
-0.400515
-0.358146
-0.459934
-0.365031
-0.394538
-0.373543
-0.445488
-0.37498
-0.332339
-0.36009
-0.337458
-0.372917
-0.407156
-0.41685
-0.394104
-0.381433
-0.354442
-0.372253
-0.357462
-0.391929
-0.357005
-0.474943
-0.414922
-0.41627
-0.464554
-0.500505
-0.480601
-0.42622
-0.435112
-0.406801
-0.464815
-0.464283
-0.43791
-0.423984
-0.50435
-0.547716
-0.498657
-0.425763
-0.403315
-0.435761
-0.390434
-0.346495
-0.391763
-0.353244
-0.469415
-0.473458
-0.477445
-0.425364
-0.410513
-0.35725
-0.395193
-0.418025
-0.365423
-0.357603
-0.422934
-0.354965
-0.406679
-0.3784
-0.408384
-0.398729
-0.432094
-0.393666
-0.404332
-0.45925
-0.41244
-0.394375
-0.37809
-0.367381
-0.343249
-0.312133
-0.337512
-0.399851
-0.450005
-0.409123
-0.481818
-0.42194
-0.455825
-0.428455
-0.396456
-0.383555
-0.443892
-0.387586
-0.373214
-0.366504
-0.406356
-0.491255
-0.443771
-0.346237
-0.381586
-0.36802
-0.394565
-0.379547
-0.413109
-0.35676
-0.389431
-0.438346
-0.500265
-0.42621
-0.48855
-0.503647
-0.510154
-0.464497
-0.51186
-0.480962
-0.453048
-0.394936
-0.38747
-0.441638
-0.37324
-0.368088
-0.410806
-0.422203
-0.478569
-0.440266
-0.407727
-0.346691
-0.374253
-0.359909
-0.328338
-0.318297
-0.424922
-0.434374
-0.472944
-0.42711
-0.411145
-0.398979
-0.416254
-0.406375
-0.374058
-0.374437
-0.362035
-0.370089
-0.411815
-0.434732
-0.450159
-0.445211
-0.399382
-0.402146
-0.375876
-0.373798
-0.380104
-0.346926
-0.384361
-0.407186
-0.431123
-0.403039
-0.419782
-0.386422
-0.394681
-0.357572
-0.367464
-0.425403
-0.355711
-0.387036
-0.403717
-0.395261
-0.448768
-0.45987
-0.488036
-0.550488
-0.568627
-0.476417
-0.48842
-0.462256
-0.460713
-0.468306
-0.533963
-0.525181
-0.513431
-0.510081
-0.476051
-0.472677
-0.452205
-0.428472
-0.428946
-0.44385
-0.485696
-0.527716
-0.541974
-0.463744
-0.426227
-0.426699
-0.501554
-0.463827
-0.569257
-0.559017
-0.593522
-0.522137
-0.517545
-0.475924
-0.536314
-0.505559
-0.447515
-0.437448
-0.48915
-0.449943
-0.52092
-0.476243
-0.414295
-0.421148
-0.42458
-0.441294
-0.435453
-0.503703
-0.517699
-0.549879
-0.491237
-0.485098
-0.48913
-0.434315
-0.427941
-0.431032
-0.396902
-0.430025
-0.447606
-0.446182
-0.425215
-0.433859
-0.355152
-0.349618
-0.394313
-0.376863
-0.387824
-0.306205
-0.333912
-0.381748
-0.382133
-0.360467
-0.39389
-0.450231
-0.416811
-0.391906
-0.422511
-0.396366
-0.440028
-0.519708
-0.407129
-0.363554
-0.436607
-0.42047
-0.416486
-0.415312
-0.354812
-0.420321
-0.416486
-0.442924
-0.390426
-0.359788
-0.395395
-0.380405
-0.339076
-0.329772
-0.342977
-0.39302
-0.379279
-0.423373
-0.422132
-0.319654
-0.399674
-0.393538
-0.451711
-0.488629
-0.425699
-0.403818
-0.410167
-0.448465
-0.475371
-0.433825
-0.388567
-0.39406
-0.457114
-0.401317
-0.407527
-0.27961
-0.347784
-0.341006
-0.38386
-0.454246
-0.399101
-0.355066
-0.35626
-0.343302
-0.377838
-0.358933
-0.396215
-0.397996
-0.453437
-0.458236
-0.48454
-0.44113
-0.424893
-0.422495
-0.377379
-0.362485
-0.421882
-0.431326
-0.444392
-0.40818
-0.536784
-0.514889
-0.538422
-0.521991
-0.529223
-0.540368
-0.51457
-0.521749
-0.479679
-0.501782
-0.445214
-0.440403
-0.484575
-0.503992
-0.549275
-0.535173
-0.529945
-0.516988
-0.458804
-0.479042
-0.49424
-0.521335
-0.483477
-0.48424
-0.477964
-0.551898
-0.534692
-0.427122
-0.427768
-0.419636
-0.403193
-0.429782
-0.408464
-0.389976
-0.433224
-0.404912
-0.371688
-0.466899
-0.465318
-0.42778
-0.391072
-0.366618
-0.436908
-0.41644
-0.407566
-0.43303
-0.388366
-0.389977
-0.459008
-0.461406
-0.448979
-0.464145
-0.442844
-0.444599
-0.494926
-0.487887
-0.438685
-0.426523
-0.409513
-0.431288
-0.468467
-0.448944
-0.468154
-0.452565
-0.39012
-0.419346
-0.381794
-0.407618
-0.379465
-0.469551
-0.419246
-0.362829
-0.410341
-0.398205
-0.473089
-0.467262
-0.458406
-0.365682
-0.391395
-0.380332
-0.43235
-0.460311
-0.362841
-0.378884
-0.365328
-0.356647
-0.375539
-0.363128
-0.309028
-0.334703
-0.325026
-0.369645
-0.398782
-0.414954
-0.406854
-0.486009
-0.438853
-0.347485
-0.329434
-0.380922
-0.381231
-0.372926
-0.447973
-0.408315
-0.444877
-0.431358
-0.402466
-0.418833
-0.384524
-0.402822
-0.422206
-0.36792
-0.373769
-0.442361
-0.477226
-0.425764
-0.395776
-0.390001
-0.397988
-0.398897
-0.428835
-0.450163
-0.401175
-0.456081
-0.441416
-0.429449
-0.395644
-0.413203
-0.402115
-0.444378
-0.411319
-0.334643
-0.389959
-0.382207
-0.431355
-0.37134
-0.405129
-0.432214
-0.39651
-0.403116
-0.387476
-0.429228
-0.416739
-0.397077
-0.425334
-0.38641
-0.385312
-0.354258
-0.430387
-0.419729
-0.428233
-0.455449
-0.42858
-0.395014
-0.392728
-0.354549
-0.373376
-0.391402
-0.375163
-0.390747
-0.411557
-0.416031
-0.439665
-0.389411
-0.363699
-0.346933
-0.339507
-0.450231
-0.429146
-0.416339
-0.41331
-0.445162
-0.433577
-0.364761
-0.403358
-0.392562
-0.413248
-0.452171
-0.456683
-0.466231
-0.371319
-0.412875
-0.429446
-0.38919
-0.424049
-0.518199
-0.353189
-0.391477
-0.384005
-0.434556
-0.431995
-0.420079
-0.371657
-0.385792
-0.350633
-0.335366
-0.308479
-0.406439
-0.405903
-0.388577
-0.458429
-0.445266
-0.463376
-0.404152
-0.338074
-0.387244
-0.372467
-0.441842
-0.390118
-0.372252
-0.357314
-0.357179
-0.348904
-0.390902
-0.327016
-0.383756
-0.361055
-0.448182
-0.44851
-0.438819
-0.420843
-0.45066
-0.464223
-0.5549
-0.526789
-0.57866
-0.561446
-0.537816
-0.526304
-0.513918
-0.503614
-0.450694
-0.436116
-0.429658
-0.394268
-0.45276
-0.382938
-0.426302
-0.427
-0.477232
-0.425682
-0.47748
-0.487912
-0.448697
-0.401645
-0.408965
-0.465862
-0.437601
-0.436218
-0.43129
-0.459369
-0.449537
-0.432677
-0.434448
-0.368217
-0.363894
-0.394832
-0.360885
-0.349245
-0.382407
-0.445957
-0.455845
-0.410853
-0.371339
-0.413506
-0.423905
-0.306904
-0.347718
-0.367334
-0.460036
-0.416569
-0.390976
-0.415274
-0.429132
-0.429097
-0.386899
-0.362499
-0.347454
-0.381111
-0.368129
-0.463409
-0.426309
-0.415662
-0.412525
-0.452513
-0.471925
-0.466057
-0.335878
-0.338948
-0.331285
-0.357938
-0.36795
-0.459498
-0.430528
-0.45096
-0.370986
-0.389197
-0.424883
-0.405918
-0.451964
-0.485268
-0.494501
-0.529676
-0.513171
-0.445118
-0.402374
-0.40436
-0.442454
-0.416748
-0.407876
-0.368918
-0.366148
-0.397609
-0.350707
-0.40613
-0.471308
-0.512188
-0.567717
-0.447909
-0.436011
-0.440902
-0.412608
-0.397673
-0.429012
-0.437271
-0.440972
-0.388165
-0.392098
-0.33784
-0.362497
-0.35716
-0.395817
-0.426053
-0.448479
-0.385386
-0.382834
-0.396358
-0.357973
-0.427992
-0.440729
-0.357117
-0.324287
-0.345813
-0.35663
-0.408263
-0.379628
-0.398666
-0.418063
-0.43336
-0.42199
-0.384339
-0.398402
-0.351862
-0.313578
-0.279816
-0.359106
-0.375549
-0.326361
-0.336114
-0.41953
-0.435162
-0.415453
-0.493772
-0.465436
-0.497253
-0.450312
-0.39182
-0.417558
-0.490549
-0.528502
-0.386097
-0.419249
-0.449861
-0.405998
-0.346667
-0.421696
-0.392586
-0.418456
-0.357968
-0.417709
-0.434805
-0.416974
-0.3215
-0.328014
-0.36504
-0.471447
-0.44478
-0.460622
-0.415093
-0.372182
-0.419901
-0.359568
-0.386414
-0.362261
-0.361866
-0.394608
-0.38957
-0.391239
-0.434707
-0.410439
-0.417749
-0.376606
-0.378564
-0.411426
-0.457231
-0.444697
-0.407124
-0.349378
-0.325771
-0.34145
-0.319926
-0.299271
-0.413316
-0.385861
-0.385599
-0.395893
-0.413941
-0.363279
-0.364785
-0.356357
-0.35608
-0.357429
-0.325398
-0.352039
-0.366666
-0.316532
-0.355171
-0.331384
-0.379694
-0.421659
-0.360589
-0.421225
-0.516491
-0.476902
-0.498535
-0.450626
-0.391592
-0.458517
-0.473654
-0.472077
-0.438076
-0.429313
-0.438668
-0.416762
-0.427679
-0.343347
-0.356621
-0.386077
-0.423054
-0.397861
-0.403558
-0.414683
-0.424009
-0.464786
-0.386633
-0.406114
-0.359968
-0.402343
-0.453449
-0.425421
-0.456198
-0.450993
-0.345161
-0.391106
-0.46724
-0.462546
-0.45165
-0.415458
-0.422397
-0.454974
-0.439899
-0.477103
-0.518052
-0.515625
-0.51417
-0.540573
-0.528928
-0.47827
-0.486496
-0.44373
-0.462996
-0.437956
-0.43516
-0.411901
-0.458255
-0.425958
-0.430649
-0.443853
-0.397189
-0.411793
-0.363701
-0.417802
-0.458079
-0.418373
-0.433678
-0.446464
-0.428699
-0.486409
-0.456944
-0.411315
-0.412753
-0.431985
-0.376234
-0.479319
-0.496659
-0.433927
-0.522097
-0.482456
-0.565932
-0.405016
-0.345445
-0.325993
-0.322379
-0.409621
-0.428419
-0.515625
-0.424364
-0.455646
-0.404913
-0.470708
-0.364132
-0.372638
-0.320537
-0.333262
-0.368658
-0.388213
-0.402093
-0.328439
-0.373963
-0.443248
-0.414126
-0.378284
-0.362126
-0.348378
-0.398802
-0.435585
-0.429637
-0.41312
-0.47792
-0.400841
-0.440807
-0.432933
-0.380254
-0.479531
-0.441121
-0.447067
-0.463976
-0.524517
-0.490293
-0.421024
-0.438479
-0.345877
-0.37126
-0.38389
-0.383758
-0.351393
-0.453044
-0.381047
-0.418428
-0.43479
-0.461326
-0.407296
-0.415147
-0.408023
-0.400798
-0.425359
-0.372734
-0.420345
-0.442022
-0.463376
-0.398793
-0.351919
-0.353381
-0.3761
-0.322194
-0.368071
-0.317031
-0.435878
-0.416354
-0.431656
-0.473174
-0.396254
-0.414979
-0.409424
-0.438023
-0.456913
-0.484258
-0.500115
-0.514152
-0.514101
-0.537547
-0.514932
-0.54104
-0.443063
-0.533155
-0.506742
-0.538172
-0.494927
-0.487367
-0.536955
-0.534452
-0.484828
-0.411078
-0.40394
-0.401287
-0.447661
-0.424204
-0.328707
-0.355541
-0.385968
-0.351085
-0.376836
-0.436557
-0.441068
-0.409307
-0.392458
-0.438385
-0.381002
-0.417292
-0.444422
-0.406525
-0.4066
-0.427858
-0.39004
-0.448115
-0.467806
-0.43687
-0.407501
-0.455058
-0.477224
-0.42075
-0.48319
-0.474851
-0.473682
-0.482518
-0.483954
-0.407701
-0.343522
-0.43272
-0.306078
-0.385929
-0.402556
-0.389516
-0.336323
-0.342282
-0.388621
-0.341293
-0.402555
-0.400133
-0.403332
-0.378201
-0.390298
-0.395016
-0.407934
-0.390772
-0.38358
-0.432976
-0.408461
-0.374094
-0.376739
-0.417446
-0.401373
-0.415254
-0.50227
-0.428324
-0.339282
-0.464969
-0.378227
-0.416058
-0.452199
-0.428717
-0.400946
-0.436688
-0.459881
-0.45826
-0.482369
-0.464509
-0.43209
-0.460196
-0.456314
-0.523224
-0.517595
-0.423447
-0.433964
-0.435667
-0.409018
-0.371586
-0.336049
-0.378168
-0.36918
-0.320005
-0.373843
-0.267299
-0.391126
-0.456655
-0.489965
-0.446496
-0.487679
-0.384748
-0.402706
-0.385042
-0.34633
-0.363365
-0.44169
-0.410581
-0.447228
-0.403718
-0.405805
-0.40793
-0.467527
-0.464939
-0.419016
-0.366033
-0.49169
-0.428665
-0.528701
-0.488541
-0.496482
-0.438576
-0.413319
-0.392541
-0.434802
-0.461209
-0.481386
-0.531091
-0.474567
-0.423182
-0.482923
-0.426977
-0.434215
-0.424104
-0.515782
-0.541891
-0.433815
-0.460398
-0.396311
-0.330728
-0.387393
-0.404544
-0.365353
-0.379175
-0.371338
-0.406085
-0.383202
-0.36682
-0.39506
-0.424393
-0.446918
-0.405342
-0.365764
-0.419449
-0.427295
-0.429505
-0.319373
-0.378935
-0.431375
-0.479184
-0.38853
-0.4497
-0.34105
-0.408621
-0.372015
-0.439543
-0.395171
-0.365081
-0.410531
-0.440885
-0.417814
-0.490881
-0.443499
-0.421193
-0.41379
-0.402968
-0.423415
-0.417571
-0.393527
-0.455465
-0.373181
-0.366033
-0.450304
-0.397542
-0.389214
-0.452674
-0.442145
-0.415957
-0.415336
-0.460587
-0.409934
-0.35451
-0.464228
-0.461252
-0.430063
-0.440918
-0.479561
-0.359307
-0.361289
-0.444061
-0.418147
-0.465032
-0.486259
-0.467087
-0.394641
-0.328057
-0.353575
-0.395794
-0.413773
-0.398052
-0.399015
-0.389751
-0.372468
-0.373897
-0.371395
-0.423045
-0.409348
-0.412645
-0.426082
-0.379267
-0.454526
-0.36366
-0.382765
-0.349896
-0.341282
-0.47451
-0.489
-0.486734
-0.395284
-0.363845
-0.422013
-0.454294
-0.448887
-0.439638
-0.39396
-0.382658
-0.356491
-0.405203
-0.40279
-0.409437
-0.315114
-0.371933
-0.383222
-0.342344
-0.454965
-0.545166
-0.520398
-0.45326
-0.498963
-0.451149
-0.467472
-0.439455
-0.479634
-0.440388
-0.412426
-0.406756
-0.359708
-0.370944
-0.461564
-0.39323
-0.388726
-0.420575
-0.36877
-0.400378
-0.482269
-0.416277
-0.393184
-0.428194
-0.40067
-0.452125
-0.446159
-0.424431
-0.407294
-0.409573
-0.413662
-0.412312
-0.436478
-0.411832
-0.446688
-0.502038
-0.46607
-0.440567
-0.420532
-0.482794
-0.513381
-0.439271
-0.417299
-0.462017
-0.49871
-0.497142
-0.489404
-0.417933
-0.408117
-0.460114
-0.447701
-0.397753
-0.402507
-0.397012
-0.38279
-0.368023
-0.410598
-0.365053
-0.348128
-0.346137
-0.354987
-0.384991
-0.404204
-0.417152
-0.39219
-0.49625
-0.48266
-0.41588
-0.443138
-0.398212
-0.421494
-0.473275
-0.367128
-0.41448
-0.461517
-0.431856
-0.446022
-0.409028
-0.363599
-0.377573
-0.438001
-0.396575
-0.402697
-0.408932
-0.398901
-0.375143
-0.385889
-0.439582
-0.37746
-0.430744
-0.397743
-0.356535
-0.448557
-0.429636
-0.368438
-0.386108
-0.337795
-0.374924
-0.333051
-0.327988
-0.392699
-0.387833
-0.378212
-0.440246
-0.536434
-0.537972
-0.441358
-0.388731
-0.330368
-0.353928
-0.385913
-0.326609
-0.367038
-0.438917
-0.42185
-0.418064
-0.453664
-0.439857
-0.469298
-0.408408
-0.369198
-0.423004
-0.352412
-0.357678
-0.392863
-0.396036
-0.419216
-0.415501
-0.506242
-0.394585
-0.401566
-0.352564
-0.373371
-0.40882
-0.424611
-0.442813
-0.399568
-0.372338
-0.341954
-0.44368
-0.413945
-0.336741
-0.370789
-0.307229
-0.370876
-0.38251
-0.364448
-0.413441
-0.410979
-0.49359
-0.456648
-0.491425
-0.451222
-0.43418
-0.397454
-0.385523
-0.462962
-0.440725
-0.422839
-0.377126
-0.356813
-0.373366
-0.426176
-0.466749
-0.441542
-0.457079
-0.463707
-0.447403
-0.410677
-0.367355
-0.403186
-0.45069
-0.435891
-0.42294
-0.471968
-0.583965
-0.477155
-0.426433
-0.383
-0.367044
-0.368289
-0.377743
-0.382038
-0.446289
-0.524643
-0.463038
-0.373832
-0.295969
-0.382886
-0.346574
-0.397711
-0.430173
-0.440647
-0.465598
-0.433988
-0.412186
-0.373048
-0.40898
-0.391608
-0.462901
-0.38837
-0.397624
-0.464351
-0.400656
-0.497169
-6.59395
-6.49537
-6.39229
-6.33035
-6.3027
-6.17707
-6.09389
-6.02989
-6.0186
-5.91133
-5.96457
-6.0126
-5.91653
-5.83218
-5.80705
-5.88283
-5.91336
-5.8947
-5.89629
-5.86265
-5.79229
-5.7576
-5.87675
-5.91919
-5.91122
-5.76631
-5.88147
-5.78893
-5.77418
-5.76834
-5.74588
-5.78997
-5.88316
-5.88204
-5.85702
-5.79518
-5.71194
-5.79297
-5.79052
-5.69992
-5.56466
-5.47938
-5.63329
-5.66604
-5.66826
-5.73359
-5.87109
-5.86259
-5.80492
-5.76846
-5.84797
-5.79847
-5.90323
-5.95992
-5.93489
-5.8698
-5.79996
-5.71727
-5.67967
-5.71877
-5.73745
-5.71168
-5.70683
-5.70206
-5.78894
-5.75135
-5.7652
-5.84406
-5.79439
-5.76254
-5.74897
-5.75355
-5.89346
-5.81464
-5.69655
-5.72866
-5.69206
-5.70707
-5.63911
-5.68553
-5.77483
-5.7919
-5.78095
-5.78888
-5.79061
-5.82966
-5.75106
-5.85719
-5.83808
-5.81856
-5.74454
-5.76539
-5.79683
-5.74983
-5.66906
-5.63895
-5.69668
-5.68366
-5.71956
-5.69602
-5.70728
-5.7127
-5.62993
-5.63958
-5.67212
-5.72784
-5.63473
-5.59491
-5.60703
-5.65134
-5.67143
-5.71458
-5.74639
-5.62511
-5.60957
-5.4817
-5.61911
-5.55031
-5.61125
-5.56104
-5.54234
-5.57661
-5.59128
-5.58052
-5.54002
-5.59766
-5.58717
-5.65027
-5.63876
-5.65867
-5.61686
-5.65391
-5.66191
-5.61726
-5.62714
-5.69778
-5.62689
-5.75705
-5.77473
-5.74258
-5.76616
-5.71323
-5.59938
-5.75877
-5.71791
-5.63106
-5.74103
-5.77888
-5.75612
-5.6893
-5.72302
-5.67352
-5.59207
-5.62827
-5.55399
-5.66709
-5.69134
-5.7617
-5.73308
-5.78425
-5.80502
-5.77959
-5.77496
-5.68478
-5.74551
-5.72118
-5.73177
-5.69114
-5.72556
-5.72638
-5.7202
-5.72582
-5.73492
-5.67131
-5.66217
-5.61514
-5.60052
-5.52238
-5.67658
-5.66976
-5.62833
-5.62928
-5.63477
-5.68448
-5.56891
-5.56759
-5.58435
-5.56531
-5.65768
-5.64058
-5.63417
-5.70803
-5.64053
-5.65856
-5.58097
-5.51315
-5.49132
-5.50862
-5.52453
-5.54023
-5.61963
-5.61082
-5.60922
-5.66135
-5.60918
-5.54198
-5.51776
-5.54773
-5.44075
-5.45092
-5.48995
-5.61366
-5.5612
-5.67679
-5.71177
-5.63347
-5.57275
-5.64809
-5.72132
-5.66675
-5.56235
-5.52044
-5.58024
-5.4881
-5.40511
-5.37054
-5.30744
-5.21554
-5.21102
-5.29057
-5.32329
-5.39379
-5.33087
-5.47468
-5.41818
-5.28443
-5.36386
-5.22998
-5.18209
-5.29528
-5.34038
-5.42199
-5.36997
-5.37605
-5.45734
-5.42952
-5.48004
-5.46149
-5.42427
-5.36389
-5.3372
-5.38706
-5.52071
-5.56621
-5.52396
-5.48382
-5.52109
-5.43913
-5.52299
-5.53294
-5.52279
-5.60005
-5.55984
-5.5646
-5.46669
-5.49342
-5.5515
-5.54245
-5.54912
-5.50339
-5.48892
-5.48362
-5.55131
-5.60628
-5.55411
-5.47579
-5.48199
-5.52863
-5.4601
-5.50474
-5.50225
-5.50444
-5.42296
-5.44485
-5.42683
-5.39161
-5.42765
-5.38003
-5.47771
-5.51097
-5.55969
-5.49251
-5.47525
-5.50779
-5.48625
-5.51458
-5.50894
-5.59698
-5.61756
-5.55178
-5.50648
-5.39943
-5.51109
-5.52066
-5.41434
-5.39053
-5.4152
-5.48506
-5.54927
-5.42378
-5.46776
-5.48571
-5.49286
-5.52373
-5.49201
-5.47617
-5.45824
-5.56487
-5.67353
-5.65382
-5.60709
-5.53883
-5.59302
-5.58243
-5.62317
-5.62213
-5.62412
-5.58031
-5.62814
-5.69019
-5.58696
-5.58745
-5.64509
-5.60876
-5.62482
-5.53742
-5.61931
-5.59471
-5.53207
-5.50851
-5.50497
-5.34124
-5.36895
-5.53209
-5.57068
-5.51544
-5.51362
-5.43232
-5.4239
-5.39618
-5.42428
-5.44233
-5.39105
-5.36659
-5.34547
-5.37507
-5.41541
-5.33016
-5.28525
-5.33097
-5.33789
-5.2602
-5.3426
-5.35169
-5.35
-5.18002
-5.23071
-5.31608
-5.33504
-5.34535
-5.34896
-5.29006
-5.33512
-5.29148
-5.22711
-5.29067
-5.35508
-5.38234
-5.42863
-5.38511
-5.2979
-5.35071
-5.44715
-5.38595
-5.38646
-5.32002
-5.40064
-5.40219
-5.32566
-5.29573
-5.3206
-5.39507
-5.43261
-5.39206
-5.45362
-5.4055
-5.45019
-5.45319
-5.45413
-5.42989
-5.49924
-5.50808
-5.45141
-5.43896
-5.41957
-5.41302
-5.32078
-5.275
-5.36795
-5.38342
-5.36256
-5.51349
-5.52388
-5.51651
-5.44825
-5.42322
-5.39921
-5.41136
-5.42791
-5.42829
-5.39022
-5.38516
-5.38926
-5.43734
-5.41579
-5.5042
-5.4081
-5.47906
-5.47097
-5.51641
-5.54975
-5.39881
-5.43753
-5.35488
-5.37754
-5.40813
-5.42823
-5.54593
-5.5316
-5.53582
-5.46597
-5.4819
-5.54587
-5.63713
-5.69813
-5.62948
-5.60146
-5.50722
-5.56018
-5.44248
-5.45487
-5.52983
-5.53253
-5.57028
-5.59857
-5.53712
-5.58823
-5.51289
-5.50956
-5.53971
-5.5395
-5.44834
-5.41527
-5.44285
-5.51168
-5.4708
-5.4902
-5.55058
-5.53229
-5.46092
-5.42659
-5.36205
-5.2632
-5.44911
-5.52027
-5.44002
-5.44802
-5.42887
-5.33728
-5.36284
-5.28457
-5.28807
-5.33519
-5.30274
-5.3893
-5.46082
-5.4382
-5.50119
-5.50439
-5.49141
-5.47975
-5.53411
-5.49618
-5.44014
-5.46639
-5.46923
-5.47701
-5.39792
-5.47558
-5.47953
-5.45267
-5.48222
-5.45833
-5.49537
-5.40807
-5.48562
-5.43218
-5.47042
-5.34176
-5.34456
-5.5215
-5.44415
-5.46574
-5.58488
-5.55047
-5.56657
-5.58525
-5.50643
-5.54658
-5.49529
-5.41461
-5.45902
-5.34706
-5.33611
-5.36408
-5.30287
-5.27269
-5.20244
-5.2492
-5.32607
-5.31898
-5.41272
-5.38795
-5.40324
-5.51388
-5.31213
-5.33734
-5.43584
-5.33991
-5.28802
-5.32201
-5.34688
-5.29745
-5.2837
-5.27662
-5.42468
-5.46871
-5.48746
-5.43798
-5.39005
-5.3704
-5.4309
-5.26259
-5.32374
-5.40299
-5.48591
-5.43484
-5.42034
-5.3875
-5.39534
-5.32419
-5.32951
-5.34412
-5.37553
-5.3858
-5.32283
-5.33344
-5.35792
-5.35269
-5.4052
-5.40792
-5.34233
-5.39867
-5.37602
-5.34052
-5.26012
-5.31444
-5.28711
-5.33178
-5.33638
-5.39645
-5.46136
-5.46124
-5.48936
-5.46226
-5.48529
-5.52125
-5.54312
-5.53467
-5.42551
-5.37315
-5.36592
-5.34441
-5.37472
-5.30374
-5.34169
-5.34673
-5.41535
-5.5301
-5.58255
-5.51193
-5.42934
-5.45399
-5.50287
-5.41506
-5.43382
-5.35356
-5.33648
-5.35388
-5.41197
-5.46787
-5.48973
-5.52247
-5.42884
-5.52625
-5.45482
-5.47976
-5.42249
-5.33362
-5.3651
-5.40048
-5.3728
-5.44059
-5.42264
-5.41644
-5.3582
-5.40429
-5.42034
-5.45924
-5.46511
-5.34506
-5.31079
-5.29038
-5.28142
-5.32586
-5.23938
-5.28467
-5.3063
-5.35586
-5.32482
-5.27842
-5.29222
-5.35873
-5.26852
-5.22428
-5.34191
-5.49773
-5.54981
-5.50346
-5.3595
-5.29566
-5.27868
-5.26793
-5.29588
-5.17492
-5.25497
-5.31223
-5.2625
-5.27293
-5.33037
-5.31614
-5.46268
-5.34543
-5.4087
-5.3659
-5.35104
-5.22317
-5.13546
-5.16085
-5.2781
-5.31052
-5.38742
-5.36548
-5.45208
-5.45714
-5.48695
-5.43242
-5.46886
-5.48473
-5.49957
-5.53928
-5.3747
-5.47279
-5.503
-5.54002
-5.50908
-5.40747
-5.42057
-5.49927
-5.46896
-5.44063
-5.54214
-5.59292
-5.51299
-5.47088
-5.45753
-5.39296
-5.3447
-5.33351
-5.34767
-5.44423
-5.42648
-5.38543
-5.39311
-5.4159
-5.45106
-5.44669
-5.3815
-5.3983
-5.39691
-5.2339
-5.20541
-5.23384
-5.27769
-5.21034
-5.20976
-5.28595
-5.33822
-5.37102
-5.30351
-5.29265
-5.29255
-5.33336
-5.38633
-5.36764
-5.26858
-5.28829
-5.30325
-5.22741
-5.19494
-5.16625
-5.10664
-5.10002
-5.23191
-5.223
-5.24358
-5.24555
-5.20546
-5.14075
-5.1358
-5.18424
-5.2289
-5.35787
-5.36721
-5.36957
-5.55138
-5.51164
-5.47257
-5.53356
-5.54302
-5.57441
-5.56551
-5.45867
-5.42582
-5.43651
-5.50942
-5.51587
-5.55321
-5.52477
-5.54109
-5.4857
-5.49314
-5.43691
-5.45599
-5.3509
-5.46229
-5.4416
-5.43153
-5.42812
-5.3263
-5.3965
-5.42605
-5.40555
-5.45759
-5.37595
-5.37738
-5.45097
-5.50064
-5.57224
-5.54191
-5.56285
-5.5384
-5.42355
-5.47907
-5.50752
-5.53009
-5.47317
-5.42361
-5.43764
-5.44363
-5.42666
-5.45413
-5.46925
-5.43126
-5.52677
-5.52545
-5.52376
-5.46684
-5.47127
-5.51613
-5.49516
-5.48442
-5.43943
-5.33297
-5.46502
-5.52186
-5.49005
-5.57769
-5.51193
-5.54246
-5.55027
-5.5645
-5.70276
-5.73175
-5.69778
-5.63981
-5.67924
-5.74492
-5.70535
-5.62669
-5.62483
-5.55892
-5.57648
-5.44754
-5.389
-5.47498
-5.48403
-5.50588
-5.46984
-5.50011
-5.52865
-5.55733
-5.52647
-5.57369
-5.49844
-5.5735
-5.52678
-5.46182
-5.48009
-5.53519
-5.57714
-5.54884
-5.53941
-5.50185
-5.48737
-5.53705
-5.5611
-5.56243
-5.5754
-5.58186
-5.48544
-5.42382
-5.40554
-5.45534
-5.4351
-5.35825
-5.36816
-5.35727
-5.41935
-5.41626
-5.45027
-5.43437
-5.41728
-5.43921
-5.44562
-5.36668
-5.4622
-5.52396
-5.52711
-5.61381
-5.59484
-5.51975
-5.50356
-5.54141
-5.51021
-5.48735
-5.42719
-5.31624
-5.40428
-5.4833
-5.55127
-5.50267
-5.43968
-5.41641
-5.35881
-5.31668
-5.35855
-5.45928
-5.40715
-5.34844
-5.44343
-5.3896
-5.18033
-5.34667
-5.27336
-5.35993
-5.37669
-5.36195
-5.41354
-5.47539
-5.4965
-5.499
-5.55407
-5.42392
-5.50072
-5.52245
-5.48227
-5.39991
-5.42627
-5.43845
-5.45732
-5.50083
-5.44872
-5.40805
-5.44758
-5.52663
-5.50382
-5.44296
-5.41197
-5.40607
-5.47702
-5.54378
-5.47394
-5.4992
-5.45211
-5.41869
-5.38338
-5.30129
-5.38146
-5.34863
-5.46365
-5.3744
-5.49392
-5.49814
-5.44529
-5.43382
-5.43407
-5.37239
-5.31906
-5.35369
-5.35712
-5.41853
-5.41064
-5.3687
-5.39767
-5.35433
-5.35576
-5.44072
-5.48855
-5.50869
-5.53136
-5.53605
-5.57625
-5.54676
-5.50623
-5.5174
-5.42043
-5.40847
-5.35164
-5.36078
-5.46086
-5.45159
-5.486
-5.43551
-5.48787
-5.41534
-5.50407
-5.43984
-5.55261
-5.60367
-5.60521
-5.61136
-5.55934
-5.54465
-5.54729
-5.52919
-5.51196
-5.48702
-5.48803
-5.57612
-5.53232
-5.5449
-5.42155
-5.5224
-5.44814
-5.50366
-5.438
-5.38253
-5.37411
-5.38551
-5.34179
-5.42303
-5.29587
-5.20873
-5.36154
-5.31556
-5.35872
-5.4209
-5.42279
-5.36221
-5.39445
-5.45533
-5.48675
-5.40692
-5.52514
-5.47323
-5.56756
-5.58748
-5.61399
-5.53598
-5.60629
-5.67926
-5.66759
-5.60576
-5.61804
-5.53981
-5.50037
-5.4942
-5.49866
-5.57083
-5.50414
-5.55862
-5.40929
-5.4706
-5.38988
-5.39042
-5.43427
-5.40461
-5.45801
-5.42776
-5.472
-5.42697
-5.3869
-5.38513
-5.45343
-5.36505
-5.33439
-5.40463
-5.40043
-5.37359
-5.44023
-5.41917
-5.49021
-5.3769
-5.34401
-5.43012
-5.41718
-5.37574
-5.39747
-5.5413
-5.62588
-5.57779
-5.56094
-5.48729
-5.44841
-5.49272
-5.50957
-5.61875
-5.61794
-5.60935
-5.60451
-5.52802
-5.52196
-5.50168
-5.56044
-5.49004
-5.62458
-5.59353
-5.57999
-5.49935
-5.43499
-5.54327
-5.57183
-5.58745
-5.54888
-5.40342
-5.51371
-5.52601
-5.50659
-5.45806
-5.45922
-5.42601
-5.5036
-5.47097
-5.46834
-5.49167
-5.43377
-5.45256
-5.45114
-5.52424
-5.49943
-5.48944
-5.6031
-5.53469
-5.53117
-5.49735
-5.4172
-5.35997
-5.4122
-5.4932
-5.52947
-5.52175
-5.44826
-5.33493
-5.42823
-5.49321
-5.59517
-5.61067
-5.5403
-5.37638
-5.40962
-5.49263
-5.44467
-5.52319
-5.53454
-5.55886
-5.57394
-5.50412
-5.45703
-5.37377
-5.38011
-5.33596
-5.36551
-5.36861
-5.38025
-5.41943
-5.47757
-5.52281
-5.57376
-5.56965
-5.56261
-5.63865
-5.59187
-5.63627
-5.56884
-5.52
-5.52855
-5.46029
-5.46793
-5.34594
-5.24781
-5.32065
-5.43203
-5.44722
-5.33533
-5.42072
-5.39121
-5.41823
-5.48795
-5.5917
-5.64781
-5.59359
-5.50406
-5.55394
-5.50471
-5.50309
-5.54911
-5.55713
-5.57798
-5.63896
-5.66789
-5.63684
-5.65409
-5.64788
-5.61501
-5.54182
-5.57355
-5.63016
-5.53153
-5.55612
-5.57122
-5.6171
-5.53497
-5.56915
-5.55966
-5.59825
-5.48758
-5.52216
-5.55844
-5.58379
-5.50489
-5.53074
-5.4773
-5.42144
-5.4243
-5.39422
-5.38833
-5.44397
-5.40004
-5.38792
-5.39904
-5.35541
-5.28777
-5.34146
-5.26423
-5.26993
-5.30164
-5.31367
-5.29373
-5.36687
-5.41586
-5.49692
-5.52684
-5.54285
-5.47151
-5.44736
-5.37601
-5.3775
-5.32604
-5.3727
-5.43173
-5.3797
-5.19338
-5.33439
-5.44618
-5.41918
-5.37087
-5.36312
-5.34348
-5.25283
-5.2679
-5.37939
-5.23707
-5.31336
-5.30985
-5.33101
-5.25031
-5.34571
-5.32928
-5.36407
-5.32882
-5.47941
-5.41203
-5.47676
-5.52908
-5.5228
-5.44053
-5.3711
-5.4145
-5.27821
-5.22144
-5.22625
-5.11506
-5.09178
-5.27685
-5.35422
-5.40631
-5.35446
-5.35882
-5.35371
-5.29405
-5.29436
-5.34375
-5.39205
-5.28231
-5.27409
-5.31208
-5.31356
-5.1897
-5.224
-5.28813
-5.30872
-5.28594
-5.3523
-5.36602
-5.34183
-5.46632
-5.48648
-5.48912
-5.48022
-5.49924
-5.50446
-5.54952
-5.44062
-5.51098
-5.47354
-5.48592
-5.42396
-5.39319
-5.32782
-5.35746
-5.32744
-5.34853
-5.35406
-5.49992
-5.44143
-5.40794
-5.4592
-5.38791
-5.45308
-5.43128
-5.40516
-5.49065
-5.50249
-5.40205
-5.46691
-5.44322
-5.37732
-5.34621
-5.364
-5.49521
-5.40114
-5.41166
-5.44257
-5.38476
-5.40538
-5.35644
-5.35991
-5.32141
-5.25998
-5.31008
-5.39138
-5.41308
-5.39765
-5.48996
-5.47622
-5.58619
-5.52857
-5.51373
-5.48395
-5.42289
-5.50113
-5.36252
-5.51103
-5.60809
-5.59581
-5.50837
-5.47164
-5.38946
-5.41319
-5.36998
-5.41664
-5.48043
-5.38187
-5.42713
-5.40044
-5.38565
-5.40292
-5.46514
-5.5204
-5.51262
-5.54714
-5.54728
-5.34497
-5.36327
-5.43908
-5.36951
-5.44754
-5.39533
-5.466
-5.48871
-5.58473
-5.538
-5.5514
-5.56775
-5.56753
-5.53716
-5.45832
-5.48723
-5.47606
-5.413
-5.45935
-5.27787
-5.1755
-5.12533
-5.20701
-5.36388
-5.46238
-5.35999
-5.33941
-5.38613
-5.37804
-5.44553
-5.45101
-5.29905
-5.34127
-5.33259
-5.35959
-5.46822
-5.65705
-5.59478
-5.5703
-5.5747
-5.58181
-5.60477
-5.66165
-5.62329
-5.60219
-5.60764
-5.60891
-5.62125
-5.60493
-5.50826
-5.47301
-5.47902
-5.48527
-5.47606
-5.5278
-5.57687
-5.61861
-5.59512
-5.63084
-5.56488
-5.4901
-5.4722
-5.42039
-5.41278
-5.33912
-5.47185
-5.46829
-5.48618
-5.48889
-5.454
-5.48464
-5.48667
-5.53435
-5.523
-5.57817
-5.58438
-5.49337
-5.49178
-5.51437
-5.49804
-5.58399
-5.55391
-5.54192
-5.57285
-5.58903
-5.52411
-5.54749
-5.5267
-5.4752
-5.54456
-5.60134
-5.52991
-5.42789
-5.35891
-5.39473
-5.56448
-5.44373
-5.42144
-5.51692
-5.54508
-5.51446
-5.33842
-5.37433
-5.3573
-5.3053
-5.33758
-5.4323
-5.2906
-5.33753
-5.30546
-5.30644
-5.28433
-5.1482
-5.17629
-5.34951
-5.41082
-5.40384
-5.37397
-5.37381
-5.41595
-5.39118
-5.37405
-5.37948
-5.42066
-5.37365
-5.34458
-5.26162
-5.25936
-5.14747
-5.12883
-5.23835
-5.17435
-5.20398
-5.14516
-5.26113
-5.28794
-5.19651
-5.24472
-5.32161
-5.33714
-5.40575
-5.38974
-5.40079
-5.39742
-5.4294
-5.40186
-5.36123
-5.34562
-5.39693
-5.40222
-5.44804
-5.40658
-5.39972
-5.5124
-5.49978
-5.3946
-5.44655
-5.41759
-5.34114
-5.25539
-5.25709
-5.24536
-5.21538
-5.27103
-5.30945
-5.35079
-5.4654
-5.46272
-5.47994
-5.39909
-5.3748
-5.41556
-5.33233
-5.45447
-5.50457
-5.45984
-5.46321
-5.40367
-5.38673
-5.45109
-5.48348
-5.49526
-5.39035
-5.46606
-5.4012
-5.29485
-5.44052
-5.44963
-5.44114
-5.40384
-5.37404
-5.26415
-5.34616
-5.25505
-5.34105
-5.31299
-5.22771
-5.24091
-5.27264
-5.34335
-5.35106
-5.24399
-5.2497
-5.23407
-5.23627
-5.24311
-5.3714
-5.29502
-5.22643
-5.2422
-5.30959
-5.29463
-5.32515
-5.36429
-5.34116
-5.45046
-5.37492
-5.35087
-5.3307
-5.39149
-5.33656
-5.33359
-5.23501
-5.33469
-5.42811
-5.46163
-5.47822
-5.31963
-5.33698
-5.34005
-5.33696
-5.42945
-5.49919
-5.46866
-5.51187
-5.51514
-5.46032
-5.46887
-5.41247
-5.46402
-5.47718
-5.38494
-5.50962
-5.58888
-5.55142
-5.57756
-5.57973
-5.55187
-5.63791
-5.66605
-5.71492
-5.78753
-5.66158
-5.59638
-5.54544
-5.58985
-5.55295
-5.64246
-5.6675
-5.67147
-5.74734
-5.64982
-5.6296
-5.59492
-5.71086
-5.67017
-5.60372
-5.5796
-5.54367
-5.60562
-5.52264
-5.39309
-5.34693
-5.492
-5.45024
-5.35837
-5.43065
-5.38812
-5.41986
-5.47149
-5.5474
-5.50185
-5.46099
-5.40354
-5.43513
-5.51977
-5.52496
-5.46814
-5.4163
-5.53572
-5.50749
-5.38002
-5.45997
-5.47385
-5.47052
-5.34006
-5.15774
-5.20038
-5.302
-5.24705
-5.30457
-5.22
-5.28541
-5.32262
-5.3239
-5.29482
-5.2812
-5.43009
-5.35377
-5.30859
-5.23324
-5.25475
-5.29131
-5.29699
-5.3374
-5.39976
-5.41385
-5.43197
-5.53283
-5.49937
-5.45134
-5.47072
-5.51024
-5.50494
-5.47632
-5.52121
-5.50464
-5.49978
-5.45634
-5.39423
-5.4606
-5.54108
-5.57132
-5.53328
-5.54359
-5.58377
-5.53385
-5.63641
-5.5562
-5.45548
-5.45844
-5.52909
-5.49792
-5.51214
-5.54018
-5.53376
-5.49698
-5.4902
-5.53511
-5.50131
-5.47739
-5.44939
-5.40274
-5.40976
-5.33505
-5.36921
-5.35872
-5.37968
-5.42179
-5.46536
-5.54626
-5.5503
-5.50896
-5.51255
-5.55479
-5.55184
-5.41253
-5.4533
-5.45904
-5.36876
-5.36197
-5.3279
-5.30543
-5.16874
-5.31997
-5.36717
-5.30816
-5.34536
-5.52438
-5.56202
-5.46242
-5.53887
-5.40317
-5.44726
-5.45151
-5.43208
-5.38856
-5.45199
-5.4746
-5.42241
-5.41611
-5.40181
-5.40365
-5.4291
-5.42107
-5.48907
-5.46362
-5.36112
-5.2854
-5.37621
-5.29385
-5.28341
-5.32556
-5.24461
-5.35556
-5.32875
-5.3281
-5.21908
-5.36284
-5.45956
-5.44637
-5.52314
-5.44661
-5.47035
-5.44851
-5.43431
-5.49571
-5.40783
-5.41223
-5.4828
-5.37338
-5.45926
-5.51905
-5.54293
-5.49942
-5.51204
-5.5563
-5.61419
-5.64995
-5.60224
-5.59226
-5.55841
-5.58008
-5.56275
-5.59129
-5.60575
-5.61041
-5.52088
-5.4443
-5.5222
-5.54613
-5.5215
-5.42405
-5.35274
-5.38198
-5.37042
-5.38774
-5.42953
-5.37531
-5.33234
-5.32366
-5.30276
-5.27031
-5.23673
-5.26854
-5.2397
-5.26877
-5.40104
-5.31001
-5.27423
-5.32233
-5.30345
-5.2696
-5.24833
-5.32247
-5.39093
-5.21592
-5.25316
-5.37308
-5.38355
-5.29107
-5.35305
-5.29313
-5.37778
-5.34739
-5.4743
-5.44154
-5.43148
-5.37878
-5.46846
-5.36145
-5.362
-5.36247
-5.47222
-5.50033
-5.5631
-5.65422
-5.62026
-5.56419
-5.57636
-5.53844
-5.53272
-5.5641
-5.56895
-5.56844
-5.47443
-5.42498
-5.52175
-5.49001
-5.51648
-5.52437
-5.56582
-5.55683
-5.55012
-5.59134
-5.57351
-5.39492
-5.46641
-5.37081
-5.42538
-5.47034
-5.45879
-5.48324
-5.36841
-5.33736
-5.42382
-5.48804
-5.48415
-5.45082
-5.33782
-5.37564
-5.50336
-5.5023
-5.53338
-5.58472
-5.58424
-5.45587
-5.48574
-5.47212
-5.44828
-5.39593
-5.44228
-5.31121
-5.43914
-5.47413
-5.41019
-5.36863
-5.37588
-5.45545
-5.39387
-5.37864
-5.35357
-5.4144
-5.62661
-5.60917
-5.55841
-5.55669
-5.47449
-5.4558
-5.4521
-5.51559
-5.45651
-5.4209
-5.45652
-5.4242
-5.57295
-5.58432
-5.48148
-5.48046
-5.41882
-5.44524
-5.36779
-5.37178
-5.32237
-5.44092
-5.4815
-5.55383
-5.46297
-5.53634
-5.55729
-5.47146
-5.50729
-5.50645
-5.44307
-5.51836
-5.46831
-5.48708
-5.47423
-5.58703
-5.59937
-5.53553
-5.55069
-5.49312
-5.56373
-5.5379
-5.5412
-5.44954
-5.48195
-5.43137
-5.46166
-5.58567
-5.49994
-5.5489
-5.51282
-5.49145
-5.47579
-5.53482
-5.53407
-5.46014
-5.43271
-5.43653
-5.43266
-5.52783
-5.43711
-5.43935
-5.52841
-5.51246
-5.55258
-5.53832
-5.47276
-5.48664
-5.43484
-5.41442
-5.47572
-5.39486
-5.42517
-5.52135
-5.53499
-5.59023
-5.48462
-5.4111
-5.46652
-5.44613
-5.40071
-5.45552
-5.4677
-5.3926
-5.5273
-5.5584
-5.51725
-5.57964
-5.56489
-5.51361
-5.56047
-5.47996
-5.39048
-5.51774
-5.63893
-5.54659
-5.50338
-5.52416
-5.4874
-5.52006
-5.51973
-5.4701
-5.44467
-5.38738
-5.49971
-5.453
-5.51641
-5.50203
-5.51158
-5.57386
-5.51599
-5.50164
-5.4166
-5.37788
-5.36061
-5.4319
-5.36602
-5.38725
-5.44048
-5.49204
-5.51339
-5.59208
-5.64745
-5.60214
-5.61676
-5.62223
-5.45103
-5.46098
-5.55255
-5.58837
-5.55428
-5.58654
-5.62783
-5.67713
-5.59295
-5.53719
-5.4013
-5.42699
-5.42285
-5.39012
-5.3958
-5.44238
-5.4261
-5.50292
-5.44027
-5.39934
-5.29989
-5.25006
-5.33236
-5.36809
-5.43055
-5.3426
-5.41605
-5.44841
-5.57723
-5.51087
-5.45465
-5.43014
-5.39469
-5.4341
-5.40787
-5.36893
-5.35949
-5.3248
-5.47073
-5.40452
-5.42385
-5.47897
-5.47681
-5.41461
-5.46431
-5.45508
-5.38311
-5.37817
-5.29595
-5.33573
-5.2926
-5.35885
-5.36987
-5.35044
-5.44942
-5.44882
-5.47996
-5.45747
-5.50932
-5.64167
-5.56912
-5.52834
-5.51433
-5.51128
-5.44046
-5.52829
-5.52931
-5.42174
-5.50607
-5.51955
-5.56219
-5.55201
-5.59105
-5.47993
-5.45195
-5.44627
-5.47245
-5.49976
-5.43096
-5.31982
-5.46997
-5.56368
-5.62973
-5.54728
-5.56977
-5.63911
-5.69737
-5.66012
-5.60517
-5.54906
-5.51276
-5.54348
-5.52714
-5.54727
-5.4951
-5.47954
-5.49675
-5.51343
-5.61349
-5.61508
-5.52492
-5.56494
-5.54749
-5.56185
-5.5076
-5.52967
-5.53441
-5.47807
-5.47842
-5.44238
-5.36503
-5.35204
-5.32965
-5.35025
-5.34384
-5.36212
-5.40368
-5.45871
-5.39195
-5.38238
-5.40318
-5.42249
-5.52807
-5.46635
-5.47389
-5.50974
-5.56816
-5.64793
-5.67978
-5.57156
-5.59666
-5.49118
-5.47226
-5.49317
-5.52654
-5.54317
-5.49505
-5.40151
-5.42834
-5.49966
-5.44748
-5.46677
-5.47904
-5.41124
-5.42703
-5.47428
-5.53999
-5.52068
-5.5368
-5.51355
-5.56122
-5.56981
-5.4796
-5.36888
-5.34951
-5.40343
-5.44479
-5.43582
-5.45548
-5.40881
-5.30856
-5.33031
-5.29058
-5.29431
-5.37314
-5.42436
-5.39633
-5.43709
-5.4225
-5.42123
-5.37151
-5.44059
-5.44736
-5.35927
-5.48371
-5.53517
-5.37118
-5.44049
-5.3875
-5.50092
-5.49595
-5.49804
-5.52347
-5.53775
-5.4344
-5.41221
-5.45229
-5.50011
-5.56301
-5.55451
-5.40749
-5.40986
-5.43491
-5.44264
-5.47966
-5.50017
-5.52576
-5.48131
-5.50052
-5.49524
-5.52061
-5.42105
-5.45736
-5.46823
-5.54198
-5.51152
-5.44556
-5.33765
-5.27457
-5.40745
-5.42805
-5.4906
-5.48104
-5.37283
-5.3898
-5.41613
-5.26329
-5.31089
-5.38194
-5.4019
-5.43496
-5.43593
-5.43441
-5.53769
-5.50649
-5.42851
-5.38905
-5.50296
-5.54238
-5.51423
-5.4995
-5.52018
-5.49528
-5.51938
-5.50375
-5.49971
-5.37348
-5.381
-5.31458
-5.35025
-5.49105
-5.44333
-5.43795
-5.36259
-5.41982
-5.45251
-5.48822
-5.5355
-5.5904
-5.54389
-5.53703
-5.56121
-5.49404
-5.5039
-5.49319
-5.5061
-5.4869
-5.48397
-5.42691
-5.48562
-5.49622
-5.4365
-5.56378
-5.45204
-5.49242
-5.49142
-5.50044
-5.50867
-5.55017
-5.42785
-5.52082
-5.52815
-5.53292
-5.61185
-5.62496
-5.60311
-5.52199
-5.5346
-5.54212
-5.58676
-5.49373
-5.48939
-5.49705
-5.56396
-5.61638
-5.55367
-5.47512
-5.5263
-5.51466
-5.55925
-5.56593
-5.58172
-5.62357
-5.68597
-5.58178
-5.53632
-5.52958
-5.47262
-5.41824
-5.34755
-5.4482
-5.36356
-5.451
-5.40512
-5.42561
-5.4868
-5.38172
-5.43878
-5.3675
-5.42808
-5.35015
-5.38133
-5.4083
-5.41042
-5.36428
-5.3552
-5.31899
-5.20618
-5.30699
-5.43208
-5.33701
-5.44291
-5.45735
-5.49921
-5.41805
-5.51628
-5.47536
-5.53004
-5.5444
-5.53662
-5.60067
-5.5786
-5.50371
-5.55282
-5.61437
-5.57409
-5.56661
-5.45202
-5.43597
-5.35124
-5.53482
-5.46433
-5.51941
-5.4178
-5.34493
-5.41175
-5.4955
-5.47698
-5.41383
-5.2984
-5.35489
-5.33656
-5.53556
-5.49167
-5.46586
-5.42284
-5.40317
-5.39337
-5.42157
-5.43079
-5.35812
-5.42198
-5.48854
-5.55954
-5.50053
-5.5037
-5.54774
-5.61681
-5.51021
-5.46437
-5.5054
-5.44593
-5.47022
-5.54095
-5.56921
-5.49299
-5.55438
-5.44246
-5.4715
-5.47853
-5.3949
-5.55134
-5.54121
-5.53895
-5.53312
-5.51066
-5.40881
-5.52661
-5.47583
-5.39422
-5.56076
-5.52203
-5.52807
-5.48809
-5.56249
-5.44187
-5.47907
-5.48299
-5.56212
-5.55778
-5.54118
-5.47244
-5.59885
-5.64468
-5.6405
-5.57642
-5.56465
-5.57589
-5.5549
-5.51153
-5.55893
-5.53743
-5.53333
-5.44114
-5.54496
-5.59233
-5.61038
-5.61348
-5.45731
-5.54736
-5.53081
-5.48401
-5.45203
-5.46052
-5.41993
-5.40628
-5.50631
-5.54437
-5.42487
-5.5233
-5.58854
-5.57533
-5.54976
-5.45575
-5.43349
-5.54593
-5.47894
-5.46023
-5.40449
-5.42381
-5.41217
-5.43128
-5.39492
-5.38266
-5.39894
-5.51215
-5.56735
-5.54097
-5.55117
-5.50213
-5.4885
-5.52904
-5.58098
-5.40491
-5.33197
-5.41516
-5.42757
-5.44807
-5.33812
-5.51462
-5.54183
-5.59872
-5.4944
-5.45176
-5.49185
-5.45635
-5.54204
-5.52397
-5.49759
-5.51555
-5.45779
-5.54841
-5.48714
-5.46101
-5.45748
-5.36369
-5.3574
-5.31432
-5.38113
-5.41806
-5.55353
-5.4953
-5.49812
-5.53903
-5.63834
-5.61116
-5.59737
-5.53301
-5.47302
-5.42691
-5.43754
-5.464
-5.41501
-5.45546
-5.34673
-5.32805
-5.42505
-5.37294
-5.47371
-5.41196
-5.44851
-5.37365
-5.42655
-5.50297
-5.50155
-5.5221
-5.55
-5.55133
-5.45029
-5.4072
-5.46931
-5.45791
-5.42093
-5.39489
-5.41365
-5.48694
-5.45352
-5.47691
-5.45308
-5.35451
-5.38531
-5.43901
-5.44855
-5.40088
-5.40587
-5.46554
-5.42579
-5.40217
-5.34761
-5.3811
-5.496
-5.3986
-5.43179
-5.45679
-5.37366
-5.39506
-5.46819
-5.5179
-5.4681
-5.4169
-5.45319
-5.39904
-5.382
-5.40406
-5.36411
-5.28876
-5.31159
-5.31686
-5.29376
-5.2398
-5.3565
-5.23541
-5.17287
-5.25712
-5.30296
-5.41903
-5.5175
-5.53383
-5.60904
-5.57617
-5.56007
-5.59095
-5.51478
-5.60048
-5.65589
-5.62506
-5.59133
-5.54346
-5.57092
-5.55906
-5.55055
-5.48116
-5.37274
-5.32439
-5.40954
-5.5481
-5.54397
-5.60423
-5.54687
-5.50951
-5.60335
-5.64495
-5.64944
-5.65985
-5.54028
-5.53828
-5.58483
-5.57102
-5.5569
-5.5337
-5.42011
-5.45585
-5.58622
-5.5969
-5.57808
-5.52022
-5.55692
-5.40082
-5.39436
-5.4244
-5.48356
-5.47489
-5.49082
-5.52138
-5.49553
-5.51239
-5.4501
-5.42836
-5.41213
-5.46687
-5.48424
-5.46362
-5.47114
-5.42895
-5.45567
-5.38848
-5.50967
-5.41417
-5.4852
-5.4154
-5.46674
-5.40573
-5.35253
-5.40072
-5.52077
-5.52322
-5.5247
-5.57442
-5.50459
-5.46066
-5.37116
-5.46562
-5.41191
-5.41482
-5.40227
-5.39903
-5.56966
-5.52812
-5.53295
-5.57357
-5.6004
-5.62468
-5.61662
-5.56412
-5.57652
-5.60562
-5.61057
-5.60042
-5.54258
-5.56841
-5.50676
-5.52194
-5.53614
-5.56086
-5.60086
-5.60433
-5.5803
-5.59681
-5.56316
-5.51043
-5.46121
-5.46395
-5.42646
-5.49716
-5.4851
-5.52998
-5.45829
-5.45646
-5.48591
-5.37741
-5.33166
-5.30998
-5.32904
-5.25318
-5.28516
-5.51065
-5.47384
-5.45295
-5.33482
-5.35801
-5.39701
-5.37416
-5.50958
-5.55257
-5.68203
-5.67644
-5.67048
-5.60114
-5.63969
-5.5715
-5.54851
-5.61446
-5.53858
-5.56077
-5.56893
-5.47833
-5.48792
-5.50583
-5.36485
-5.4458
-5.49839
-5.30599
-5.2676
-5.36844
-5.39645
-5.37108
-5.35856
-5.43262
-5.37446
-5.36849
-5.3326
-5.39459
-5.33708
-5.27943
-5.35931
-5.41004
-5.50073
-5.48947
-5.43599
-5.45977
-5.37778
-5.3439
-5.44726
-5.4962
-5.56284
-5.49296
-5.57519
-5.5134
-5.57468
-5.53622
-5.60347
-5.56574
-5.56031
-5.42015
-5.44423
-5.59347
-5.56548
-5.60306
-5.6344
-5.60228
-5.62593
-5.69001
-5.70134
-5.67675
-5.6218
-5.58076
-5.55533
-5.41983
-5.44306
-5.46069
-5.52891
-5.54723
-5.46712
-5.44933
-5.36093
-5.43434
-5.39708
-5.40106
-5.41962
-5.40388
-5.44568
-5.50797
-5.58538
-5.60823
-5.55483
-5.54669
-5.53864
-5.57172
-5.59208
-5.61621
-5.54603
-5.55274
-5.49569
-5.50673
-5.41155
-5.51149
-5.55348
-5.40677
-5.44977
-5.47992
-5.52837
-5.56116
-5.55745
-5.51556
-5.53609
-5.59495
-5.65944
-5.63425
-5.6209
-5.66667
-5.52792
-5.524
-5.45711
-5.42043
-5.41086
-5.39128
-5.4755
-5.44211
-5.40934
-5.47194
-5.41778
-5.49215
-5.4707
-5.51427
-5.43321
-5.4291
-5.41982
-5.38657
-5.42964
-5.45264
-5.46034
-5.46148
-5.39847
-5.45558
-5.41664
-5.47694
-5.45027
-5.42989
-5.44787
-5.52822
-5.54266
-5.56202
-5.50836
-5.52384
-5.50451
-5.53398
-5.5142
-5.5524
-5.61618
-5.60439
-5.5175
-5.39496
-5.44149
-5.4673
-5.39596
-5.40571
-5.44828
-5.56458
-5.53656
-5.52014
-5.46912
-5.42722
-5.38352
-5.39055
-5.44063
-5.45476
-5.35115
-5.49764
-5.54255
-5.51142
-5.54748
-5.50848
-5.48894
-5.51855
-5.57915
-5.473
-5.53985
-5.52213
-5.53268
-5.53722
-5.51423
-5.44965
-5.45712
-5.53347
-5.49771
-5.47002
-5.42011
-5.48207
-5.49863
-5.50268
-5.55597
-5.51057
-5.4921
-5.4921
-5.51504
-5.54349
-5.46957
-5.4545
-5.56638
-5.50659
-5.49686
-5.49003
-5.48081
-5.46238
-5.4506
-5.3708
-5.4631
-5.45004
-5.55518
-5.63813
-5.6468
-5.61522
-5.65269
-5.63022
-5.53583
-5.57174
-5.57668
-5.57436
-5.52183
-5.56828
-5.59611
-5.56033
-5.63395
-5.51188
-5.49471
-5.51792
-5.44235
-5.50001
-5.50742
-5.57279
-5.53728
-5.39533
-5.32814
-5.39484
-5.36265
-5.32605
-5.29034
-5.27761
-5.37695
-5.28875
-5.35838
-5.26583
-5.28727
-5.34178
-5.43526
-5.45767
-5.53465
-5.43919
-5.41316
-5.44016
-5.45456
-5.49205
-5.52696
-5.42331
-5.48662
-5.54312
-5.42959
-5.48313
-5.46377
-5.4921
-5.52736
-5.47006
-5.38864
-5.35486
-5.40074
-5.44265
-5.51828
-5.51318
-5.51396
-5.40258
-5.4501
-5.57928
-5.48974
-5.43016
-5.43621
-5.47894
-5.4337
-5.31376
-5.41371
-5.33923
-5.33536
-5.40836
-5.38074
-5.42573
-5.49252
-5.50326
-5.56188
-5.5415
-5.55764
-5.50169
-5.59369
-5.57979
-5.55788
-5.50449
-5.54256
-5.53968
-5.52305
-5.42566
-5.4932
-5.46564
-5.53529
-5.50589
-5.44255
-5.36959
-5.4574
-5.52086
-5.50293
-5.48661
-8.49202
-8.35495
-8.21006
-8.13131
-8.11018
-8.00754
-7.94909
-7.90471
-7.85573
-7.79484
-7.80093
-7.76058
-7.6701
-7.61011
-7.59079
-7.63149
-7.58964
-7.53349
-7.53701
-7.49022
-7.43172
-7.46076
-7.53555
-7.59089
-7.5768
-7.47273
-7.48977
-7.51317
-7.51515
-7.43578
-7.47307
-7.52344
-7.56958
-7.59567
-7.59672
-7.57468
-7.50226
-7.48935
-7.50227
-7.38128
-7.36951
-7.32268
-7.36228
-7.40045
-7.38805
-7.41615
-7.52798
-7.58612
-7.54935
-7.61335
-7.65077
-7.66011
-7.66702
-7.64018
-7.62547
-7.58988
-7.56937
-7.64919
-7.61239
-7.61103
-7.64002
-7.60034
-7.59701
-7.62419
-7.70822
-7.61826
-7.65075
-7.60663
-7.53497
-7.46703
-7.46843
-7.4522
-7.63356
-7.5941
-7.59724
-7.59683
-7.57173
-7.58774
-7.52421
-7.52266
-7.55376
-7.52494
-7.43683
-7.52729
-7.50572
-7.60344
-7.58332
-7.64282
-7.56675
-7.60684
-7.62176
-7.59401
-7.56478
-7.51159
-7.53368
-7.51491
-7.54277
-7.54065
-7.53628
-7.47089
-7.44202
-7.42109
-7.46786
-7.49313
-7.55284
-7.57138
-7.57308
-7.54172
-7.47402
-7.46201
-7.45353
-7.48587
-7.54855
-7.51297
-7.48472
-7.52708
-7.46305
-7.46173
-7.53674
-7.56971
-7.5917
-7.54595
-7.60698
-7.60655
-7.50772
-7.61528
-7.67254
-7.62778
-7.56905
-7.52785
-7.48821
-7.50909
-7.54193
-7.49624
-7.36718
-7.45634
-7.55036
-7.59484
-7.58605
-7.62054
-7.65655
-7.65683
-7.57913
-7.62987
-7.5953
-7.60441
-7.58373
-7.57443
-7.52019
-7.41962
-7.34591
-7.31539
-7.27251
-7.38234
-7.32183
-7.39422
-7.41346
-7.46639
-7.49259
-7.46896
-7.48791
-7.43393
-7.49354
-7.51535
-7.5408
-7.51139
-7.50059
-7.48047
-7.53462
-7.49694
-7.54608
-7.55702
-7.46735
-7.39885
-7.4464
-7.47423
-7.51958
-7.50431
-7.54181
-7.46315
-7.46937
-7.35423
-7.4544
-7.54921
-7.4768
-7.48609
-7.48351
-7.51794
-7.51725
-7.56493
-7.47129
-7.63535
-7.58362
-7.51481
-7.48861
-7.44682
-7.43242
-7.42054
-7.41661
-7.47261
-7.50831
-7.52503
-7.55414
-7.57744
-7.52951
-7.52068
-7.49864
-7.50689
-7.50786
-7.57093
-7.56344
-7.55154
-7.56881
-7.60631
-7.72796
-7.67035
-7.65564
-7.66369
-7.70723
-7.7104
-7.69541
-7.59249
-7.59194
-7.4774
-7.45209
-7.4592
-7.46441
-7.30723
-7.30492
-7.35615
-7.42387
-7.45807
-7.49007
-7.49297
-7.4517
-7.46298
-7.42069
-7.44227
-7.39658
-7.36933
-7.42251
-7.49092
-7.48169
-7.47542
-7.51324
-7.51351
-7.54081
-7.49298
-7.47241
-7.41982
-7.32048
-7.32999
-7.35338
-7.46437
-7.42413
-7.44334
-7.43984
-7.38194
-7.46281
-7.51177
-7.54291
-7.5848
-7.57987
-7.62836
-7.539
-7.56196
-7.5111
-7.42604
-7.49407
-7.39613
-7.49565
-7.4776
-7.50257
-7.47363
-7.49625
-7.37926
-7.42556
-7.4232
-7.43886
-7.44921
-7.52551
-7.54795
-7.46714
-7.46717
-7.53618
-7.63262
-7.64299
-7.60103
-7.58919
-7.54375
-7.4921
-7.47587
-7.45698
-7.47331
-7.53527
-7.54111
-7.48397
-7.51528
-7.56374
-7.53593
-7.51065
-7.51978
-7.5496
-7.6109
-7.54555
-7.52713
-7.48676
-7.4538
-7.52278
-7.46942
-7.43867
-7.5109
-7.58346
-7.56829
-7.48682
-7.54285
-7.51172
-7.56794
-7.56452
-7.52703
-7.46931
-7.5263
-7.5685
-7.538
-7.59077
-7.56567
-7.62029
-7.62343
-7.62705
-7.64953
-7.70725
-7.76233
-7.71735
-7.73886
-7.71388
-7.67657
-7.69036
-7.66526
-7.63117
-7.5756
-7.59111
-7.58907
-7.57148
-7.60255
-7.59432
-7.56203
-7.59357
-7.52631
-7.49979
-7.47909
-7.51207
-7.49429
-7.45456
-7.50609
-7.5576
-7.61404
-7.66926
-7.64808
-7.56719
-7.54194
-7.53294
-7.53771
-7.5565
-7.6359
-7.61784
-7.65366
-7.63949
-7.65056
-7.67537
-7.69317
-7.60836
-7.57276
-7.64499
-7.67252
-7.61268
-7.65666
-7.64596
-7.70511
-7.71635
-7.69361
-7.5831
-7.67068
-7.78267
-7.70292
-7.70797
-7.603
-7.59589
-7.55951
-7.52123
-7.46576
-7.46041
-7.53968
-7.52976
-7.53391
-7.51026
-7.47706
-7.55025
-7.5961
-7.61902
-7.57096
-7.61759
-7.54805
-7.44886
-7.4303
-7.45602
-7.44059
-7.41234
-7.51607
-7.52232
-7.51415
-7.42911
-7.52539
-7.58755
-7.57843
-7.61418
-7.63495
-7.67064
-7.64951
-7.66887
-7.72656
-7.68846
-7.66076
-7.68071
-7.6379
-7.58997
-7.64026
-7.58728
-7.58336
-7.56201
-7.64831
-7.58131
-7.59169
-7.57154
-7.55051
-7.47417
-7.51176
-7.48472
-7.4596
-7.47927
-7.42476
-7.44689
-7.41838
-7.49608
-7.51908
-7.58091
-7.53151
-7.56614
-7.55687
-7.55759
-7.45538
-7.44886
-7.39575
-7.44348
-7.51174
-7.50754
-7.46362
-7.45142
-7.46947
-7.43218
-7.44668
-7.50278
-7.55096
-7.53486
-7.47695
-7.40513
-7.42803
-7.42239
-7.46844
-7.58049
-7.60534
-7.54982
-7.57396
-7.61553
-7.63186
-7.5555
-7.50374
-7.48236
-7.53667
-7.5462
-7.53318
-7.52409
-7.56773
-7.70631
-7.64343
-7.65993
-7.73284
-7.79145
-7.82086
-7.81059
-7.87494
-7.7549
-7.74326
-7.68554
-7.61356
-7.70156
-7.71265
-7.7187
-7.73625
-7.67395
-7.61252
-7.50584
-7.49925
-7.54358
-7.55443
-7.58266
-7.59528
-7.57409
-7.65232
-7.63221
-7.62562
-7.67405
-7.62323
-7.61362
-7.71858
-7.74389
-7.72526
-7.79206
-7.75018
-7.79292
-7.76894
-7.6894
-7.65235
-7.58463
-7.56293
-7.59226
-7.5189
-7.47376
-7.48718
-7.41386
-7.41212
-7.41108
-7.467
-7.48258
-7.6102
-7.67608
-7.53673
-7.4444
-7.48855
-7.44321
-7.4249
-7.47176
-7.41779
-7.40404
-7.39089
-7.46114
-7.45255
-7.44228
-7.52004
-7.57201
-7.58183
-7.55293
-7.57499
-7.50494
-7.53562
-7.49599
-7.5047
-7.49704
-7.50449
-7.47053
-7.48733
-7.47407
-7.47195
-7.48012
-7.44288
-7.46373
-7.52154
-7.47758
-7.42754
-7.41797
-7.40097
-7.48276
-7.52071
-7.53104
-7.51337
-7.53384
-7.51799
-7.52998
-7.48183
-7.50053
-7.49601
-7.57868
-7.60649
-7.70473
-7.70424
-7.67599
-7.62959
-7.70429
-7.69851
-7.66214
-7.70134
-7.62325
-7.62512
-7.61467
-7.63048
-7.64281
-7.56553
-7.65372
-7.60042
-7.61455
-7.65063
-7.67741
-7.66506
-7.65806
-7.63577
-7.59598
-7.57553
-7.52458
-7.5125
-7.53732
-7.59027
-7.64039
-7.653
-7.69584
-7.58482
-7.64091
-7.67464
-7.66653
-7.67743
-7.62816
-7.6348
-7.69901
-7.75772
-7.70339
-7.65851
-7.69293
-7.6854
-7.62993
-7.59264
-7.63505
-7.63914
-7.65105
-7.58332
-7.52084
-7.4719
-7.46843
-7.42834
-7.37384
-7.44592
-7.50798
-7.46428
-7.51033
-7.55961
-7.60273
-7.49555
-7.64151
-7.59342
-7.71449
-7.67106
-7.64513
-7.59813
-7.55383
-7.49363
-7.5323
-7.53262
-7.58963
-7.61632
-7.61325
-7.4962
-7.4975
-7.50436
-7.48887
-7.52117
-7.50007
-7.5779
-7.57884
-7.59425
-7.56019
-7.42399
-7.44617
-7.5891
-7.69505
-7.70916
-7.70608
-7.65486
-7.69223
-7.68487
-7.66213
-7.72887
-7.73542
-7.71334
-7.78248
-7.70362
-7.74866
-7.82625
-7.77085
-7.82142
-7.77164
-7.71048
-7.68421
-7.54905
-7.61549
-7.6298
-7.66261
-7.58425
-7.58041
-7.5523
-7.49579
-7.43859
-7.47992
-7.44061
-7.44701
-7.4732
-7.48224
-7.48438
-7.48188
-7.49083
-7.48269
-7.50259
-7.47881
-7.52228
-7.49339
-7.5072
-7.54298
-7.51275
-7.54914
-7.54762
-7.49445
-7.50965
-7.49035
-7.43303
-7.34903
-7.36815
-7.37812
-7.4355
-7.44715
-7.53371
-7.56283
-7.52457
-7.62375
-7.61673
-7.52565
-7.48923
-7.52811
-7.47368
-7.57466
-7.57174
-7.53839
-7.4964
-7.48523
-7.43803
-7.54435
-7.47052
-7.53386
-7.58563
-7.58538
-7.69458
-7.68511
-7.58758
-7.64811
-7.63681
-7.63314
-7.58858
-7.58545
-7.56343
-7.55108
-7.64764
-7.60022
-7.56069
-7.53946
-7.5716
-7.59356
-7.63928
-7.64398
-7.58523
-7.51059
-7.53828
-7.52425
-7.5536
-7.50032
-7.43048
-7.51846
-7.59923
-7.62068
-7.68586
-7.68464
-7.68884
-7.72449
-7.66441
-7.69301
-7.69236
-7.73776
-7.68841
-7.70152
-7.70963
-7.64023
-7.62101
-7.55089
-7.50599
-7.50213
-7.45148
-7.37013
-7.37604
-7.40923
-7.41628
-7.49249
-7.47697
-7.4865
-7.51819
-7.47583
-7.49246
-7.43934
-7.46819
-7.49296
-7.50414
-7.58431
-7.60487
-7.62254
-7.50005
-7.51399
-7.54818
-7.55868
-7.5488
-7.52923
-7.56413
-7.54665
-7.60932
-7.52438
-7.53131
-7.5709
-7.56043
-7.5505
-7.51254
-7.5543
-7.49546
-7.46614
-7.48612
-7.46342
-7.39562
-7.42942
-7.45888
-7.60536
-7.68746
-7.67047
-7.61424
-7.55744
-7.57834
-7.52363
-7.5327
-7.59524
-7.56009
-7.54562
-7.5296
-7.60323
-7.61062
-7.6292
-7.53905
-7.49194
-7.43025
-7.47086
-7.47432
-7.46575
-7.54434
-7.55708
-7.54424
-7.59908
-7.59149
-7.60106
-7.58232
-7.58424
-7.61842
-7.59634
-7.57523
-7.58771
-7.64251
-7.644
-7.64814
-7.68421
-7.68812
-7.68785
-7.75476
-7.69616
-7.65211
-7.72288
-7.73618
-7.70363
-7.65728
-7.65478
-7.59498
-7.57484
-7.6139
-7.57473
-7.564
-7.54695
-7.66228
-7.69198
-7.56283
-7.59598
-7.59099
-7.554
-7.53786
-7.53198
-7.448
-7.42787
-7.54015
-7.57066
-7.66347
-7.68956
-7.6145
-7.66037
-7.68906
-7.63423
-7.64354
-7.62891
-7.58843
-7.57848
-7.63497
-7.57917
-7.59094
-7.62149
-7.59621
-7.62955
-7.60222
-7.5269
-7.50547
-7.49869
-7.55572
-7.54729
-7.67951
-7.63542
-7.63255
-7.58644
-7.59058
-7.56163
-7.61107
-7.62458
-7.59617
-7.64927
-7.60557
-7.58381
-7.56365
-7.54711
-7.49855
-7.5905
-7.57196
-7.57244
-7.58156
-7.51756
-7.50355
-7.50754
-7.53941
-7.47193
-7.4302
-7.52976
-7.51675
-7.52202
-7.49505
-7.49759
-7.5504
-7.58049
-7.55539
-7.56056
-7.61916
-7.65485
-7.60564
-7.61105
-7.59397
-7.57211
-7.60614
-7.54498
-7.53127
-7.43367
-7.47806
-7.53381
-7.50338
-7.50666
-7.43164
-7.42808
-7.46875
-7.54129
-7.59549
-7.59628
-7.57473
-7.50829
-7.51435
-7.518
-7.42653
-7.40336
-7.29645
-7.40591
-7.46773
-7.41826
-7.44839
-7.4461
-7.46274
-7.44616
-7.46163
-7.47065
-7.47162
-7.51353
-7.45928
-7.44406
-7.39714
-7.34946
-7.39125
-7.44754
-7.43468
-7.42738
-7.48455
-7.49363
-7.47213
-7.43971
-7.47924
-7.46426
-7.41765
-7.4335
-7.44291
-7.48671
-7.49053
-7.5123
-7.52317
-7.52045
-7.60862
-7.55439
-7.50356
-7.49678
-7.50067
-7.44976
-7.5217
-7.44321
-7.41217
-7.3797
-7.43368
-7.35195
-7.41173
-7.37629
-7.4171
-7.4161
-7.46474
-7.37467
-7.4223
-7.50919
-7.477
-7.48952
-7.54285
-7.61553
-7.59687
-7.59041
-7.52723
-7.59167
-7.73743
-7.72596
-7.59755
-7.59964
-7.50255
-7.49619
-7.51262
-7.49242
-7.47496
-7.47056
-7.52402
-7.54558
-7.5519
-7.57581
-7.53245
-7.53059
-7.54999
-7.54518
-7.50489
-7.48683
-7.55269
-7.4609
-7.48351
-7.49702
-7.51412
-7.52388
-7.51958
-7.62786
-7.53504
-7.50864
-7.50958
-7.50249
-7.57398
-7.64888
-7.69575
-7.6496
-7.6277
-7.67753
-7.68596
-7.67946
-7.64152
-7.58306
-7.60376
-7.60381
-7.56702
-7.59954
-7.61399
-7.56058
-7.61387
-7.59526
-7.61152
-7.60859
-7.49199
-7.56988
-7.58111
-7.54827
-7.48317
-7.51355
-7.44893
-7.38256
-7.46737
-7.51045
-7.54595
-7.46356
-7.44414
-7.44825
-7.48259
-7.52847
-7.57075
-7.49678
-7.53436
-7.53354
-7.49733
-7.53687
-7.56824
-7.5617
-7.55959
-7.54084
-7.53525
-7.4926
-7.40279
-7.40294
-7.35441
-7.4478
-7.52619
-7.49739
-7.50067
-7.55509
-7.56625
-7.5583
-7.55277
-7.58294
-7.57036
-7.60159
-7.56264
-7.59207
-7.5919
-7.68277
-7.64767
-7.65772
-7.66017
-7.57602
-7.61639
-7.54833
-7.48509
-7.46312
-7.52977
-7.49657
-7.42864
-7.45731
-7.54542
-7.6106
-7.6534
-7.67254
-7.64154
-7.60315
-7.60565
-7.58635
-7.55944
-7.60321
-7.63649
-7.67502
-7.58343
-7.60542
-7.63582
-7.70273
-7.66739
-7.58388
-7.58111
-7.51327
-7.56571
-7.5354
-7.49429
-7.5183
-7.52003
-7.54532
-7.61173
-7.59809
-7.5878
-7.60548
-7.613
-7.64352
-7.65295
-7.64272
-7.72057
-7.7093
-7.70622
-7.59202
-7.561
-7.52533
-7.60306
-7.58374
-7.54738
-7.58083
-7.60017
-7.46643
-7.45704
-7.37931
-7.43982
-7.482
-7.50292
-7.53979
-7.5307
-7.48196
-7.49229
-7.44391
-7.42346
-7.41063
-7.45044
-7.48714
-7.45203
-7.50387
-7.48759
-7.4959
-7.48985
-7.48286
-7.50604
-7.48862
-7.46366
-7.44157
-7.47075
-7.51871
-7.62929
-7.59302
-7.59522
-7.52487
-7.43353
-7.49946
-7.54506
-7.56582
-7.55805
-7.52542
-7.57916
-7.56977
-7.58015
-7.56133
-7.57075
-7.46228
-7.48957
-7.45081
-7.42234
-7.38145
-7.35322
-7.40785
-7.44463
-7.48467
-7.4744
-7.50558
-7.45996
-7.47048
-7.46479
-7.35056
-7.30377
-7.30936
-7.33024
-7.39484
-7.45944
-7.4968
-7.41999
-7.3709
-7.46313
-7.47539
-7.47392
-7.45424
-7.45159
-7.45023
-7.45307
-7.56963
-7.62768
-7.61333
-7.55999
-7.62944
-7.53177
-7.59915
-7.55299
-7.52476
-7.54307
-7.60446
-7.55472
-7.48146
-7.48642
-7.56409
-7.62191
-7.57718
-7.61161
-7.59158
-7.6702
-7.63323
-7.64641
-7.61223
-7.64203
-7.64251
-7.61596
-7.61504
-7.58717
-7.54755
-7.55628
-7.56158
-7.54125
-7.47952
-7.56855
-7.63246
-7.60696
-7.56654
-7.52231
-7.52531
-7.61486
-7.5328
-7.6357
-7.6436
-7.57452
-7.60871
-7.5676
-7.52712
-7.54958
-7.56677
-7.56805
-7.58406
-7.55901
-7.5656
-7.59559
-7.62741
-7.74315
-7.68149
-7.6955
-7.68356
-7.64133
-7.60016
-7.61704
-7.62408
-7.60243
-7.604
-7.59731
-7.56753
-7.5746
-7.61724
-7.56316
-7.57782
-7.56992
-7.63233
-7.65225
-7.66637
-7.65452
-7.66158
-7.63031
-7.63586
-7.65582
-7.60574
-7.59871
-7.57538
-7.5781
-7.62519
-7.66248
-7.58301
-7.57676
-7.59613
-7.55242
-7.57415
-7.55924
-7.58533
-7.58979
-7.54254
-7.57132
-7.50193
-7.51165
-7.3944
-7.3928
-7.42728
-7.47064
-7.48783
-7.47275
-7.49429
-7.48942
-7.5303
-7.56088
-7.61403
-7.59818
-7.48949
-7.48535
-7.5715
-7.62776
-7.63436
-7.59816
-7.61333
-7.68315
-7.6557
-7.64332
-7.64022
-7.59385
-7.52987
-7.53706
-7.54333
-7.6356
-7.65043
-7.62267
-7.57707
-7.55613
-7.53334
-7.55813
-7.55303
-7.61819
-7.62961
-7.66753
-7.66129
-7.55676
-7.57192
-7.61159
-7.63593
-7.61943
-7.66799
-7.64208
-7.62585
-7.64506
-7.59604
-7.55636
-7.4593
-7.58037
-7.57234
-7.62747
-7.66154
-7.64452
-7.66591
-7.67122
-7.70994
-7.76465
-7.67448
-7.68879
-7.70607
-7.7242
-7.69831
-7.709
-7.74306
-7.79251
-7.77835
-7.77096
-7.80433
-7.76837
-7.77354
-7.71931
-7.73672
-7.64692
-7.62454
-7.64526
-7.68102
-7.70334
-7.67453
-7.67376
-7.6238
-7.59248
-7.57459
-7.64422
-7.59523
-7.52984
-7.49463
-7.50879
-7.51833
-7.47014
-7.48671
-7.53169
-7.5034
-7.44814
-7.47675
-7.49273
-7.41501
-7.43329
-7.45889
-7.39032
-7.44864
-7.38578
-7.45936
-7.46222
-7.45773
-7.45149
-7.46352
-7.50275
-7.41362
-7.40976
-7.44824
-7.50803
-7.43269
-7.4523
-7.40704
-7.42747
-7.43374
-7.47291
-7.51622
-7.47793
-7.44829
-7.38801
-7.30812
-7.29797
-7.27654
-7.30387
-7.23736
-7.2619
-7.3097
-7.28394
-7.42508
-7.43333
-7.47521
-7.53
-7.45657
-7.46823
-7.35099
-7.35029
-7.3418
-7.38882
-7.45
-7.46926
-7.4555
-7.44352
-7.43318
-7.39638
-7.43561
-7.42932
-7.43201
-7.41233
-7.48109
-7.42302
-7.3986
-7.45056
-7.47683
-7.49185
-7.5142
-7.51729
-7.59299
-7.61813
-7.70803
-7.67253
-7.65497
-7.6356
-7.56006
-7.51675
-7.54757
-7.54517
-7.49066
-7.49521
-7.45771
-7.50737
-7.441
-7.40236
-7.45965
-7.46237
-7.43675
-7.4981
-7.47334
-7.39661
-7.40665
-7.45602
-7.39742
-7.35051
-7.35488
-7.34117
-7.44855
-7.38269
-7.3243
-7.36951
-7.40704
-7.47407
-7.53079
-7.4809
-7.44417
-7.45234
-7.47771
-7.4816
-7.44816
-7.43406
-7.50106
-7.51219
-7.56793
-7.59806
-7.58895
-7.56491
-7.50225
-7.54706
-7.52867
-7.56539
-7.52504
-7.57837
-7.57328
-7.55113
-7.51514
-7.55622
-7.5399
-7.59256
-7.54587
-7.51409
-7.61264
-7.52241
-7.48528
-7.52127
-7.55678
-7.58676
-7.58166
-7.58676
-7.52637
-7.44281
-7.48814
-7.52355
-7.58765
-7.59677
-7.59426
-7.58933
-7.59376
-7.62041
-7.6653
-7.65139
-7.65968
-7.68471
-7.59398
-7.58787
-7.58574
-7.56645
-7.51735
-7.48182
-7.46916
-7.5036
-7.50887
-7.53863
-7.55941
-7.5902
-7.62328
-7.639
-7.69161
-7.68667
-7.7103
-7.68356
-7.61683
-7.60401
-7.60623
-7.63186
-7.53227
-7.53632
-7.54113
-7.5167
-7.47277
-7.56449
-7.47654
-7.4159
-7.41695
-7.39989
-7.45215
-7.41283
-7.47639
-7.37983
-7.37958
-7.37711
-7.29477
-7.27532
-7.25648
-7.29945
-7.34537
-7.29581
-7.33117
-7.35115
-7.35904
-7.35955
-7.3437
-7.35399
-7.40146
-7.32317
-7.25421
-7.31972
-7.34757
-7.35714
-7.42483
-7.49407
-7.4619
-7.39267
-7.43361
-7.41805
-7.38672
-7.36868
-7.36006
-7.3748
-7.41546
-7.39852
-7.44643
-7.48634
-7.57679
-7.52556
-7.6432
-7.65796
-7.57468
-7.47714
-7.5269
-7.52411
-7.49661
-7.47994
-7.44222
-7.45024
-7.45408
-7.47513
-7.40868
-7.38737
-7.49426
-7.55288
-7.5766
-7.52841
-7.49552
-7.48864
-7.45927
-7.4926
-7.50779
-7.568
-7.59094
-7.568
-7.53375
-7.54482
-7.57811
-7.48384
-7.48215
-7.5906
-7.58814
-7.57446
-7.4831
-7.46082
-7.45327
-7.53147
-7.53102
-7.58235
-7.5494
-7.59322
-7.60256
-7.54782
-7.57514
-7.56608
-7.55077
-7.6414
-7.70147
-7.69761
-7.72465
-7.741
-7.76055
-7.70821
-7.68684
-7.63285
-7.65129
-7.64732
-7.60033
-7.56137
-7.60026
-7.59202
-7.60396
-7.66103
-7.59175
-7.54716
-7.4905
-7.5564
-7.52893
-7.6085
-7.53935
-7.60081
-7.61262
-7.5999
-7.62913
-7.64388
-7.59738
-7.62065
-7.62892
-7.64262
-7.71897
-7.71625
-7.70945
-7.61988
-7.64258
-7.58228
-7.57029
-7.57453
-7.58732
-7.63913
-7.68109
-7.60309
-7.63542
-7.59563
-7.56097
-7.52226
-7.53111
-7.6181
-7.58175
-7.5946
-7.56215
-7.56374
-7.61433
-7.56293
-7.56603
-7.53328
-7.57469
-7.60297
-7.61266
-7.66205
-7.74043
-7.79464
-7.65027
-7.56306
-7.5193
-7.53764
-7.50412
-7.46836
-7.43223
-7.45935
-7.44246
-7.49289
-7.49021
-7.49294
-7.50093
-7.53885
-7.49973
-7.54285
-7.45968
-7.42441
-7.4721
-7.45393
-7.48385
-7.46313
-7.4751
-7.46809
-7.43707
-7.40246
-7.48037
-7.53573
-7.5984
-7.60428
-7.56534
-7.54665
-7.54935
-7.46642
-7.52455
-7.48573
-7.46793
-7.56504
-7.59156
-7.61053
-7.61873
-7.6031
-7.58642
-7.60617
-7.65373
-7.61277
-7.64903
-7.60119
-7.53633
-7.57541
-7.58495
-7.58299
-7.5286
-7.44924
-7.45842
-7.47653
-7.49347
-7.4803
-7.57505
-7.6217
-7.6202
-7.62718
-7.60632
-7.63735
-7.62528
-7.54218
-7.59896
-7.60576
-7.67186
-7.60442
-7.5351
-7.54133
-7.58282
-7.57188
-7.63038
-7.63904
-7.65423
-7.6587
-7.71329
-7.68036
-7.71528
-7.64885
-7.66627
-7.57707
-7.64169
-7.66067
-7.66949
-7.67599
-7.70878
-7.67502
-7.61197
-7.64983
-7.62018
-7.73097
-7.81013
-7.79527
-7.7953
-7.69704
-7.67773
-7.73971
-7.71119
-7.65782
-7.69295
-7.70979
-7.74219
-7.69941
-7.74943
-7.72244
-7.66132
-7.62524
-7.70032
-7.70018
-7.60878
-7.60465
-7.64387
-7.6625
-7.67013
-7.72192
-7.72622
-7.72219
-7.62372
-7.6381
-7.63872
-7.72622
-7.73875
-7.66299
-7.5649
-7.59844
-7.50389
-7.58427
-7.61016
-7.54334
-7.53862
-7.5259
-7.4548
-7.49294
-7.51685
-7.46091
-7.49177
-7.40848
-7.45188
-7.47505
-7.42624
-7.501
-7.43711
-7.42995
-7.52017
-7.57644
-7.62658
-7.57733
-7.54114
-7.4679
-7.51059
-7.52216
-7.50273
-7.53597
-7.65132
-7.5783
-7.56071
-7.48777
-7.57352
-7.56702
-7.53777
-7.5814
-7.57621
-7.53925
-7.55982
-7.57612
-7.52973
-7.54888
-7.56749
-7.57934
-7.56493
-7.55512
-7.47243
-7.51009
-7.50861
-7.57886
-7.53508
-7.57497
-7.63105
-7.66895
-7.66025
-7.53126
-7.58858
-7.59412
-7.59253
-7.62867
-7.60489
-7.53051
-7.4937
-7.54133
-7.58529
-7.65311
-7.70497
-7.65899
-7.72783
-7.70022
-7.71926
-7.67424
-7.78232
-7.7643
-7.68718
-7.73031
-7.67178
-7.66354
-7.58678
-7.64913
-7.58096
-7.61033
-7.62951
-7.61999
-7.55947
-7.6252
-7.67583
-7.68282
-7.62684
-7.631
-7.66241
-7.65844
-7.55889
-7.5878
-7.56006
-7.5492
-7.58845
-7.57975
-7.65427
-7.65746
-7.64156
-7.63351
-7.61462
-7.6167
-7.55651
-7.45694
-7.44677
-7.52633
-7.56138
-7.5396
-7.56305
-7.56366
-7.56532
-7.51948
-7.60191
-7.67687
-7.70127
-7.72211
-7.68278
-7.66588
-7.64659
-7.67244
-7.65783
-7.52314
-7.51886
-7.58196
-7.62154
-7.61591
-7.58297
-7.70082
-7.62245
-7.58718
-7.54923
-7.55962
-7.52408
-7.53734
-7.58761
-7.53944
-7.45875
-7.48333
-7.38047
-7.3631
-7.3698
-7.34481
-7.33722
-7.30861
-7.38912
-7.39729
-7.39805
-7.45024
-7.4362
-7.52898
-7.5073
-7.43346
-7.47975
-7.52824
-7.58261
-7.61251
-7.62739
-7.56957
-7.60922
-7.61933
-7.603
-7.54114
-7.52055
-7.47106
-7.46587
-7.41551
-7.41451
-7.51532
-7.46661
-7.48501
-7.50037
-7.53736
-7.53723
-7.50034
-7.49961
-7.63996
-7.65716
-7.7138
-7.70478
-7.66706
-7.66137
-7.67958
-7.68714
-7.69405
-7.72565
-7.7139
-7.64401
-7.65526
-7.65655
-7.6313
-7.60247
-7.71649
-7.70241
-7.62278
-7.63445
-7.65984
-7.59381
-7.50131
-7.52514
-7.5289
-7.50969
-7.5882
-7.62653
-7.60376
-7.54409
-7.52211
-7.42114
-7.47576
-7.42986
-7.36352
-7.42432
-7.40035
-7.4403
-7.46757
-7.49874
-7.53492
-7.6205
-7.65233
-7.66354
-7.64957
-7.62454
-7.51106
-7.66694
-7.57844
-7.61502
-7.6043
-7.6446
-7.71493
-7.69425
-7.67949
-7.67009
-7.68235
-7.62996
-7.59755
-7.62988
-7.59362
-7.71708
-7.69142
-7.68036
-7.64931
-7.70275
-7.68963
-7.72964
-7.65639
-7.60811
-7.59028
-7.57134
-7.62451
-7.61278
-7.58625
-7.60401
-7.51987
-7.51346
-7.50644
-7.46157
-7.43362
-7.4237
-7.47471
-7.38169
-7.45987
-7.45903
-7.53055
-7.53873
-7.52981
-7.60868
-7.65344
-7.54608
-7.58298
-7.50507
-7.53965
-7.50205
-7.50266
-7.46891
-7.44522
-7.38313
-7.43451
-7.48252
-7.55117
-7.60553
-7.61875
-7.64775
-7.63836
-7.62628
-7.56258
-7.54185
-7.59913
-7.6387
-7.6424
-7.63079
-7.63005
-7.63199
-7.53171
-7.5606
-7.54763
-7.58981
-7.54899
-7.51563
-7.44794
-7.45631
-7.42747
-7.47042
-7.51885
-7.5426
-7.53175
-7.53993
-7.50977
-7.48494
-7.49874
-7.45823
-7.53084
-7.50543
-7.59897
-7.598
-7.55883
-7.4913
-7.41818
-7.43755
-7.4854
-7.44062
-7.5004
-7.52901
-7.55826
-7.50617
-7.60872
-7.65456
-7.61246
-7.57273
-7.54521
-7.53721
-7.50034
-7.53962
-7.47126
-7.47253
-7.45172
-7.42886
-7.44579
-7.42048
-7.39183
-7.38865
-7.36349
-7.39529
-7.34387
-7.30501
-7.33478
-7.34804
-7.44964
-7.50689
-7.44986
-7.42278
-7.39965
-7.37349
-7.34494
-7.42252
-7.38202
-7.46282
-7.46096
-7.51592
-7.52017
-7.51474
-7.48872
-7.55084
-7.51911
-7.47763
-7.50201
-7.57551
-7.54789
-7.58284
-7.63617
-7.64192
-7.6615
-7.6094
-7.58451
-7.63874
-7.68228
-7.70035
-7.68221
-7.66245
-7.58818
-7.54764
-7.55009
-7.54077
-7.56542
-7.53665
-7.56959
-7.52464
-7.4924
-7.47253
-7.51455
-7.48176
-7.50076
-7.50345
-7.39886
-7.50178
-7.48594
-7.48097
-7.5208
-7.42602
-7.48978
-7.4363
-7.53606
-7.50591
-7.53443
-7.47175
-7.45978
-7.50145
-7.51744
-7.52184
-7.46017
-7.45526
-7.48627
-7.41314
-7.54534
-7.45477
-7.52786
-7.48507
-7.44692
-7.42437
-7.35363
-7.39691
-7.42007
-7.43897
-7.54773
-7.57175
-7.53792
-7.54626
-7.54552
-7.56643
-7.52081
-7.56011
-7.51589
-7.59318
-7.58547
-7.58085
-7.59024
-7.48258
-7.38665
-7.46452
-7.45456
-7.44359
-7.42553
-7.4688
-7.40408
-7.51193
-7.45062
-7.42693
-7.49072
-7.52437
-7.50287
-7.43556
-7.47379
-7.4587
-7.58648
-7.56682
-7.48955
-7.51026
-7.59322
-7.59487
-7.57776
-7.58407
-7.53987
-7.58591
-7.5304
-7.52593
-7.4754
-7.58547
-7.55259
-7.63298
-7.5118
-7.45115
-7.47933
-7.42127
-7.43449
-7.41729
-7.45057
-7.40839
-7.436
-7.3368
-7.43091
-7.44949
-7.47446
-7.45644
-7.45426
-7.41356
-7.4407
-7.5059
-7.58032
-7.51762
-7.55646
-7.60266
-7.67509
-7.69023
-7.69291
-7.71808
-7.65092
-7.61527
-7.58106
-7.54864
-7.5425
-7.5528
-7.52466
-7.54694
-7.51294
-7.44759
-7.46289
-7.53892
-7.44502
-7.47316
-7.43666
-7.40208
-7.38162
-7.40977
-7.4603
-7.49517
-7.49595
-7.50646
-7.52527
-7.51006
-7.58439
-7.59228
-7.61522
-7.56059
-7.59743
-7.55127
-7.51019
-7.5223
-7.49436
-7.42574
-7.47462
-7.58298
-7.61422
-7.61964
-7.61509
-7.57492
-7.46708
-7.55952
-7.54495
-7.5056
-7.48169
-7.5644
-7.59493
-7.57861
-7.5374
-7.60203
-7.52689
-7.50397
-7.56332
-7.45246
-7.48882
-7.42239
-7.47164
-7.47958
-7.46884
-7.35149
-7.34471
-7.40368
-7.46162
-7.3914
-7.48188
-7.52062
-7.50708
-7.54969
-7.55409
-7.5311
-7.52627
-7.57827
-7.53959
-7.48492
-7.41892
-7.42734
-7.47043
-7.56961
-7.56737
-7.5821
-7.57114
-7.60642
-7.51465
-7.52385
-7.61998
-7.57803
-7.52266
-7.50893
-7.44719
-7.49853
-7.50456
-7.51796
-7.54278
-7.61599
-7.59863
-7.54493
-7.51517
-7.63367
-7.61225
-7.57689
-7.60067
-7.64123
-7.64287
-7.60214
-7.56776
-7.5417
-7.52136
-7.53858
-7.54272
-7.57469
-7.52395
-7.57728
-7.64674
-7.56991
-7.53839
-7.53818
-7.59743
-7.52591
-7.51734
-7.52711
-7.51297
-7.56602
-7.5652
-7.59925
-7.624
-7.5663
-7.5658
-7.63586
-7.60369
-7.58971
-7.65346
-7.616
-7.58377
-7.67713
-7.67774
-7.62988
-7.56012
-7.53932
-7.51669
-7.59047
-7.62061
-7.60168
-7.55415
-7.58692
-7.58392
-7.51108
-7.51256
-7.50321
-7.471
-7.50843
-7.60657
-7.60365
-7.61473
-7.61236
-7.65867
-7.67272
-7.65321
-7.66976
-7.62196
-7.59672
-7.55348
-7.55313
-7.53568
-7.51485
-7.43565
-7.44135
-7.49857
-7.47575
-7.42358
-7.41134
-7.39392
-7.40579
-7.45149
-7.49694
-7.59354
-7.53763
-7.56824
-7.56935
-7.60207
-7.63194
-7.63158
-7.55965
-7.46863
-7.53808
-7.54218
-7.65312
-7.58156
-7.58234
-7.55729
-7.53708
-7.5396
-7.55019
-7.58558
-7.57658
-7.54382
-7.52599
-7.50612
-7.52385
-7.53246
-7.56295
-7.5411
-7.56611
-7.59619
-7.58535
-7.54213
-7.57005
-7.50206
-7.56599
-7.65083
-7.59278
-7.52548
-7.48926
-7.41164
-7.46713
-7.4486
-7.43453
-7.47628
-7.57063
-7.56596
-7.59812
-7.56835
-7.63071
-7.60979
-7.61746
-7.61289
-7.56872
-7.48062
-7.4641
-7.47988
-7.4479
-7.51496
-7.53275
-7.57988
-7.66235
-7.58875
-7.60681
-7.67633
-7.59205
-7.64514
-7.59801
-7.67129
-7.74931
-7.66427
-7.68519
-7.69919
-7.73048
-7.6631
-7.56927
-7.61718
-7.64377
-7.62934
-7.67332
-7.75192
-7.74777
-7.78263
-7.74634
-7.639
-7.65476
-7.65641
-7.55259
-7.57203
-7.60155
-7.69335
-7.63036
-7.6556
-7.68647
-7.58995
-7.60837
-7.6153
-7.62641
-7.60499
-7.66567
-7.64321
-7.62407
-7.59821
-7.6219
-7.609
-7.62529
-7.57544
-7.60744
-7.67201
-7.70021
-7.76797
-7.74484
-7.69832
-7.73004
-7.65987
-7.6473
-7.66699
-7.60706
-7.61471
-7.61362
-7.58323
-7.52225
-7.56647
-7.54754
-7.57958
-7.47988
-7.48573
-7.41196
-7.55831
-7.56634
-7.51457
-7.52396
-7.48436
-7.42712
-7.38758
-7.40503
-7.43186
-7.43067
-7.40934
-7.49815
-7.5445
-7.62803
-7.63355
-7.58753
-7.58424
-7.58299
-7.54195
-7.56043
-7.51475
-7.57615
-7.54706
-7.62148
-7.6095
-7.52722
-7.55061
-7.56576
-7.58728
-7.49177
-7.46036
-7.43366
-7.48257
-7.55707
-7.58549
-7.58838
-7.53633
-7.58877
-7.62672
-7.58643
-7.64802
-7.57606
-7.51059
-7.5704
-7.50453
-7.49148
-7.51773
-7.53222
-7.59859
-7.58027
-7.5279
-7.55054
-7.58978
-7.52449
-7.45419
-7.51899
-7.55444
-7.53724
-7.5613
-7.56801
-7.59057
-7.65355
-7.63737
-7.6401
-7.57416
-7.50745
-7.50594
-7.531
-7.55485
-7.55384
-7.53243
-7.46543
-7.51417
-7.48418
-7.44272
-7.52405
-7.53121
-7.55966
-7.51245
-7.46664
-7.48224
-7.4704
-7.50939
-7.5392
-7.52742
-7.55127
-7.52146
-7.53149
-7.51646
-7.51745
-7.56488
-7.47567
-7.48091
-7.48262
-7.48899
-7.47955
-7.47168
-7.47523
-7.53287
-7.54885
-7.51524
-7.4563
-7.4505
-7.52643
-7.51417
-7.53894
-7.54489
-7.58988
-7.64249
-7.66368
-7.61931
-7.57728
-7.60377
-7.63736
-7.61294
-7.69956
-7.71527
-7.64543
-7.64586
-7.58483
-7.61912
-7.58592
-7.61805
-7.68422
-7.6883
-7.64538
-7.66154
-7.65969
-7.63159
-7.6452
-7.65944
-7.62279
-7.5596
-7.54582
-7.63309
-7.66754
-7.63979
-7.63755
-7.58321
-7.57542
-7.67834
-7.59778
-7.58872
-7.5886
-7.64434
-7.6434
-7.56826
-7.53038
-7.55918
-7.60782
-7.66147
-7.66959
-7.65787
-7.71865
-7.68145
-7.65173
-7.62727
-7.67949
-7.68417
-7.76324
-7.77066
-7.73909
-7.73901
-7.64268
-7.61325
-7.51627
-7.57975
-7.58109
-7.54772
-7.50409
-7.57335
-7.63208
-7.6263
-7.56282
-7.68397
-7.73863
-7.63326
-7.66059
-7.64778
-7.59785
-7.47311
-7.4544
-7.55368
-7.56459
-7.56205
-7.63017
-7.54946
-7.59553
-7.62485
-7.64985
-7.62837
-7.48887
-7.54806
-7.58026
-7.65839
-7.70152
-7.7702
-7.74083
-7.71395
-7.78591
-7.69785
-7.70139
-7.66314
-7.65881
-7.66776
-7.61735
-7.55524
-7.53548
-7.43835
-7.4237
-7.48998
-7.49526
-7.50024
-7.48357
-7.44987
-7.43156
-7.42474
-7.41714
-7.5198
-7.48189
-7.57204
-7.50267
-7.46641
-7.50394
-7.59573
-7.59912
-7.59497
-7.59435
-7.61449
-7.68698
-7.61895
-7.66614
-7.64436
-7.61836
-7.66384
-7.71407
-7.66266
-7.58264
-7.58209
-7.56398
-7.5529
-7.54202
-7.61749
-7.71277
-7.74017
-7.69707
-7.6672
-7.5916
-7.64655
-7.62103
-7.63463
-7.59953
-7.62073
-7.61146
-7.64121
-7.59424
-7.58048
-7.54364
-7.53663
-7.53458
-7.56492
-7.63789
-7.64318
-7.66701
-7.69435
-7.71451
-7.66521
-7.68702
-7.65006
-7.69021
-7.70518
-7.73791
-7.67815
-7.67697
-7.7028
-7.74444
-7.67299
-7.68458
-7.69683
-7.70876
-7.71968
-7.67193
-7.59588
-7.45701
-7.52433
