0.5,-0.973317,0.000505999
0.75,-0.870023,0.000276182
1,-0.761571,0.0001821
1.25,-0.664209,0.000135634
1.5,-0.582929,0.000114816
1.75,-0.516405,9.57288e-05
2,-0.462136,0.000130282
2.25,-0.417267,0.000133334
2.5,-0.379881,0.000136375
2.75,-0.348302,0.00013824
3,-0.321387,0.000140868
0.5,-0.97435,0.00039635
0.75,-0.870579,0.000188354
1,-0.761465,0.000153147
1.25,-0.66422,0.000157679
1.5,-0.582829,0.000153858
1.75,-0.516383,0.000134853
2,-0.462017,8.37975e-05
2.25,-0.417427,9.50972e-05
2.5,-0.380166,9.74686e-05
2.75,-0.348447,0.000124023
3,-0.321379,0.000132939
