0.5,0.332061,0.00372093
0.75,0.437483,0.00122282
1,0.420117,0.000729651
1.25,0.357155,0.000444657
1.5,0.293429,0.000348258
1.75,0.239295,0.000265787
2,0.196874,0.00021723
2.25,0.163499,0.000226952
2.5,0.137032,0.000156898
2.75,0.116384,0.000114882
3,0.099826,8.27727e-05
0.5,0.325954,0.00330336
0.75,0.438135,0.000748495
1,0.41985,0.000631619
1.25,0.358077,0.000581929
1.5,0.294097,0.000261571
1.75,0.239562,0.000348599
2,0.19664,0.000206154
2.25,0.162905,0.000214514
2.5,0.136734,0.000125507
2.75,0.116035,0.000130003
3,0.0995235,0.000108329
