0.5,0.897598,0.00853368,0.02
0.75,0.363575,0.00311061,0.02
1,0.143879,0.00221272,0.02
1.25,0.0781021,0.00135948,0.02
1.5,0.0496874,0.0010103,0.02
1.75,0.0348327,0.000796077,0.02
2,0.0268267,0.00062038,0.02
2.25,0.021106,0.000559817,0.02
2.5,0.0174368,0.000506229,0.02
2.75,0.014664,0.000463923,0.02
3,0.0126143,0.000413871,0.02
0.5,0.889041,0.00570072,0.02
0.75,0.354172,0.00316619,0.02
1,0.145442,0.00164499,0.02
1.25,0.077947,0.000594235,0.02
1.5,0.0503965,0.0006271,0.02
1.75,0.0357917,0.000341769,0.02
2,0.027629,0.000416305,0.02
2.25,0.0213955,0.000371765,0.02
2.5,0.0183027,0.000322546,0.02
2.75,0.0148244,0.000270809,0.02
3,0.0129183,0.000198051,0.02
