1,-0.199332,-0.199332,0
2,-0.0185352,-0.108933,0.0903982
3,0.201864,-0.0053344,0.116003
4,-0.0848892,-0.0252231,0.0844033
5,0.146766,0.0091748,0.0738753
6,-0.092764,-0.007815,0.062666
7,0.181462,0.0192246,0.0594656
8,-0.399489,-0.0331146,0.0734269
9,-0.286816,-0.0613036,0.0706259
10,0.0909396,-0.0460793,0.0649784
11,-0.0125364,-0.0430299,0.0588542
12,0.0554848,-0.0348204,0.0543499
13,-0.139435,-0.0428677,0.0506382
14,0.334205,-0.0159339,0.0540679
15,-0.213959,-0.0291355,0.0520369
16,0.0161216,-0.026307,0.0487582
17,-0.115956,-0.0315805,0.046103
18,0.0926224,-0.0246803,0.0440106
19,-0.396194,-0.0442337,0.0459932
20,0.150088,-0.0345176,0.0447017
1,0.950123,0.950123,0
2,0.907137,0.92863,0.0214928
3,0.929007,0.928756,0.0124095
4,0.889855,0.919031,0.0130988
5,0.921606,0.919546,0.0101593
6,0.898998,0.916121,0.0089742
7,0.913176,0.9157,0.00759625
8,0.79406,0.900495,0.0165671
9,0.860542,0.896056,0.0152703
10,0.888577,0.895308,0.0136787
11,0.936089,0.899015,0.0129163
12,0.857718,0.895574,0.0122829
13,0.927113,0.898,0.0115562
14,0.927324,0.900095,0.010902
15,0.921748,0.901538,0.0102514
16,0.908659,0.901983,0.00959961
17,0.909783,0.902442,0.00902893
18,0.827222,0.898263,0.00948297
19,0.885455,0.897589,0.00899528
20,0.897779,0.897598,0.00853368
1,-0.0230824,-0.0230824,0
2,0.0118788,-0.0056018,0.0174806
3,0.0363032,0.00836653,0.0172329
4,0.0340596,0.0147898,0.0137748
5,-0.0260204,0.00662776,0.0134337
6,-0.024298,0.00147347,0.0121193
7,-0.0030504,0.0008272,0.010263
8,-0.0418848,-0.0045118,0.0103683
9,-0.0385784,-0.00829698,0.00989649
10,-0.0118736,-0.00865464,0.00885891
11,0.0146876,-0.00653262,0.0082894
12,0.0230028,-0.00407133,0.00795737
13,0.0096852,-0.00301314,0.00739581
14,-0.0014688,-0.00290283,0.00684808
15,0.039648,-6.61067e-05,0.00697784
16,-0.0043592,-0.000334425,0.00653269
17,-0.0169996,-0.00131473,0.0062142
18,0.0506384,0.00157156,0.00653118
19,0.010758,0.00205505,0.00619676
20,0.0070316,0.00230388,0.00588403
1,0.357536,0.357536,0
2,0.361271,0.359403,0.0018676
3,0.381204,0.36667,0.00734663
4,0.389701,0.372428,0.00775479
5,0.362906,0.370524,0.00630146
6,0.365901,0.369753,0.00520248
7,0.368788,0.369615,0.00439906
8,0.351499,0.367351,0.00443194
9,0.352327,0.365681,0.00425016
10,0.359693,0.365083,0.00384833
11,0.335993,0.362438,0.00437156
12,0.381002,0.363985,0.00428004
13,0.343478,0.362408,0.00424133
14,0.366769,0.362719,0.00393905
15,0.37236,0.363362,0.00372295
16,0.361603,0.363252,0.00348423
17,0.347774,0.362342,0.00339714
18,0.37441,0.363012,0.00327228
19,0.381741,0.363998,0.00324844
20,0.355543,0.363575,0.00311061
1,0.01091,0.01091,0
2,0.0031444,0.0070272,0.0038828
3,0.0028044,0.0056196,0.00264702
4,0.0057324,0.0056478,0.00187194
5,-0.0091156,0.00269512,0.0032895
6,-0.0113784,0.000349533,0.0035659
7,-0.0050016,-0.000414914,0.00310918
8,-0.0112092,-0.0017642,0.00301178
9,-0.0053644,-0.00216422,0.00268609
10,0.0074428,-0.00120352,0.00258747
11,0.0111624,-7.93455e-05,0.00259644
12,0.0015668,5.78333e-05,0.00237418
13,-0.002414,-0.000132308,0.00219219
14,0.0173928,0.00111949,0.00238457
15,-0.0044048,0.0007512,0.00225025
16,-0.019608,-0.00052125,0.00245964
17,0.0007824,-0.000444565,0.0023117
18,-0.000728,-0.000460311,0.00217955
19,0.0090768,4.16421e-05,0.00212187
20,-0.0276976,-0.00134532,0.00244454
1,0.153115,0.153115,0
2,0.145754,0.149434,0.0036808
3,0.148806,0.149225,0.0021354
4,0.159271,0.151736,0.0029304
5,0.136991,0.148787,0.00372153
6,0.132291,0.146038,0.00409787
7,0.140184,0.145202,0.00356288
8,0.135868,0.144035,0.00329877
9,0.141682,0.143773,0.00292097
10,0.153368,0.144733,0.00278318
11,0.148896,0.145111,0.00254578
12,0.149416,0.14547,0.00235149
13,0.13955,0.145015,0.00221048
14,0.157867,0.145933,0.00224298
15,0.136089,0.145276,0.0021888
16,0.127992,0.144196,0.00231495
17,0.145823,0.144292,0.00217662
18,0.147606,0.144476,0.00206038
19,0.154281,0.144992,0.00201609
20,0.122739,0.143879,0.00221272
1,-8.08e-05,-8.08e-05,0
2,0.0086384,0.0042788,0.0043596
3,-0.0005692,0.0026628,0.00299112
4,0.0059736,0.0034905,0.00227123
5,-0.00218,0.0023564,0.00209315
6,-0.011436,5.76667e-05,0.00286444
7,-0.0007,-5.05714e-05,0.00242331
8,-0.0001364,-6.13e-05,0.00209868
9,-0.0062268,-0.000746356,0.00197357
10,0.0014624,-0.00052548,0.00177898
11,0.0052648,9.09091e-07,0.00169306
12,-0.0062272,-0.0005181,0.00163036
13,0.0007132,-0.000423385,0.0015027
14,0.0083008,0.000199771,0.00152442
15,-0.0057652,-0.000197893,0.00147382
16,-0.0096464,-0.000788425,0.00149978
17,-0.0029092,-0.000913176,0.00141431
18,0.0052484,-0.000570867,0.00137666
19,0.0039316,-0.000333895,0.00132358
20,-0.008132,-0.0007238,0.0013148
1,0.080474,0.080474,0
2,0.0877856,0.0841298,0.0036558
3,0.0773888,0.0818828,0.00308285
4,0.0847708,0.0826048,0.00229636
5,0.0761596,0.0813158,0.00219672
6,0.0676064,0.0790309,0.00290479
7,0.0773612,0.0787923,0.00246655
8,0.078694,0.0787801,0.00213613
9,0.0701532,0.0778215,0.00211373
10,0.0829964,0.078339,0.00196012
11,0.0852028,0.078963,0.00187959
12,0.0752,0.0786494,0.00174425
13,0.080822,0.0788165,0.00161315
14,0.0852944,0.0792792,0.00156352
15,0.0716132,0.0787682,0.00154268
16,0.0693592,0.0781801,0.00155826
17,0.0777428,0.0781544,0.00146396
18,0.081064,0.078316,0.00138967
19,0.0833584,0.0785814,0.00134102
20,0.068996,0.0781021,0.00135948
1,0.002546,0.002546,0
2,0.0068444,0.0046952,0.0021492
3,-9.28e-05,0.0030992,0.00202161
4,-0.0001652,0.0022831,0.00164605
5,-0.0060272,0.00062104,0.00209479
6,-0.0026124,8.21333e-05,0.00179328
7,-0.004386,-0.000556171,0.00164452
8,0.0012848,-0.00032605,0.00144267
9,-0.0057852,-0.000932622,0.00140951
10,-2.76e-05,-0.00084212,0.00126395
11,0.0011524,-0.0006608,0.00115757
12,-0.0059988,-0.00110563,0.00114653
13,0.002664,-0.000815662,0.00109379
14,0.0038164,-0.0004848,0.00106533
15,-0.004814,-0.000773413,0.00103291
16,-0.0089208,-0.00128263,0.00109217
17,0.0029144,-0.00103574,0.0010552
18,0.004422,-0.000732533,0.00104004
19,0.0046636,-0.000448526,0.00102395
20,-0.0032296,-0.00058758,0.000981306
1,0.05372,0.05372,0
2,0.0584856,0.0561028,0.0023828
3,0.0487824,0.0536627,0.00280122
4,0.0509204,0.0529771,0.00209605
5,0.0455516,0.051492,0.00220036
6,0.0469504,0.0507351,0.00194953
7,0.0471332,0.0502205,0.00172613
8,0.0497796,0.0501654,0.00149589
9,0.0423776,0.0493001,0.00157771
10,0.0506444,0.0494345,0.00141754
11,0.051908,0.0496594,0.00130178
12,0.0459732,0.0493522,0.00122742
13,0.053566,0.0496763,0.00117467
14,0.0544912,0.0500203,0.00114061
15,0.0446496,0.0496622,0.00112059
16,0.041298,0.0491395,0.00117134
17,0.0529708,0.0493648,0.00112313
18,0.0539964,0.0496221,0.00108971
19,0.05372,0.0498378,0.00105309
20,0.0468296,0.0496874,0.0010103
1,0.000444,0.000444,0
2,0.0066064,0.0035252,0.0030812
3,0.0015988,0.00288307,0.00189128
4,0.0019184,0.0026419,0.00135891
5,-0.0040724,0.00129904,0.00170624
6,0.0014944,0.0013316,0.00139352
7,-0.0031,0.000698514,0.00133711
8,-0.001626,0.00040795,0.00119387
9,-0.0052416,-0.000219778,0.00122582
10,-0.001694,-0.0003672,0.00110627
11,0.0001496,-0.000320218,0.00100176
12,-0.004864,-0.000698867,0.000989772
13,0.00224,-0.0004728,0.000938104
14,-0.0009532,-0.000507114,0.000869193
15,-0.007646,-0.00098304,0.000938759
16,-0.0065948,-0.00133377,0.000945582
17,0.0011252,-0.00118913,0.00089992
18,0.0015252,-0.00103833,0.000861749
19,0.002172,-0.000869368,0.000832461
20,-0.0050164,-0.00107672,0.000816509
1,0.0365836,0.0365836,0
2,0.0423288,0.0394562,0.0028726
3,0.0374164,0.0387763,0.00179246
4,0.0386924,0.0387553,0.00126764
5,0.0327388,0.037552,0.00155308
6,0.0368804,0.0374401,0.00127302
7,0.0326388,0.0367542,0.00127593
8,0.0334656,0.0363431,0.00117898
9,0.0312876,0.0357814,0.00118179
10,0.0337164,0.0355749,0.00107701
11,0.0352536,0.0355457,0.000974628
12,0.0307452,0.0351456,0.000975507
13,0.0375324,0.0353292,0.000915926
14,0.035012,0.0353066,0.000848285
15,0.0293448,0.0349091,0.000884088
16,0.0291608,0.0345499,0.000901656
17,0.0371712,0.034704,0.000860881
18,0.0376856,0.0348697,0.000828376
19,0.0384108,0.0350561,0.000805425
20,0.0305884,0.0348327,0.000796077
1,0.001328,0.001328,0
2,0.0047444,0.0030362,0.0017082
3,0.0014044,0.00249227,0.00112628
4,0.00137,0.0022117,0.000844378
5,-0.0015324,0.00146288,0.000994241
6,0.0018308,0.0015242,0.000814107
7,-0.002404,0.000963029,0.000887874
8,-0.00156,0.00064765,0.000831086
9,-0.003956,0.000136133,0.000893792
10,-0.0014528,-2.276e-05,0.000815069
11,0.0011288,8.19273e-05,0.000744653
12,-0.0032268,-0.0001938,0.000733564
13,-0.0012168,-0.000272492,0.000679354
14,-0.0015964,-0.000367057,0.000636029
15,-0.00587,-0.00073392,0.000696551
16,-0.0022024,-0.0008257,0.000657996
17,0.0023824,-0.000636988,0.000646247
18,0.0022016,-0.000479289,0.000629365
19,0.0024164,-0.000326884,0.000614518
20,-0.0036852,-0.0004948,0.000606683
1,0.0294276,0.0294276,0
2,0.032102,0.0307648,0.0013372
3,0.0285404,0.0300233,0.00107042
4,0.0292452,0.0298288,0.000781503
5,0.0259276,0.0290486,0.000987534
6,0.0290628,0.0290509,0.000806321
7,0.0243128,0.0283741,0.000960498
8,0.02539,0.028001,0.000911621
9,0.0232756,0.027476,0.000960235
10,0.0255908,0.0272875,0.000879307
11,0.0283416,0.0273833,0.000801115
12,0.024426,0.0271369,0.000771722
13,0.0257816,0.0270326,0.000717495
14,0.0262788,0.0269788,0.00066645
15,0.0211832,0.0265924,0.000730902
16,0.024794,0.02648,0.000692874
17,0.0295532,0.0266608,0.000675482
18,0.029272,0.0268058,0.000653164
19,0.0298096,0.0269639,0.000637737
20,0.0242192,0.0268267,0.00062038
1,-9.6e-05,-9.6e-05,0
2,0.0047488,0.0023264,0.0024224
3,0.0002036,0.0016188,0.00156739
4,0.0009152,0.0014429,0.00112218
5,-0.0027464,0.00060504,0.00120731
6,0.0007936,0.000636467,0.000986261
7,-7.4e-05,0.000534971,0.000839699
8,-0.0017884,0.00024455,0.000783049
9,-0.0035224,-0.000174,0.000807521
10,-0.0018488,-0.00034148,0.000741433
11,0.0005104,-0.000264036,0.000675108
12,-0.0026004,-0.000458733,0.000646309
13,-0.002046,-0.000580831,0.000606926
14,-0.0003008,-0.000560829,0.00056226
15,-0.0036672,-0.00076792,0.000562914
16,-0.0016236,-0.0008214,0.000529267
17,0.0028972,-0.000602659,0.000543153
18,0.0020452,-0.000455556,0.000532799
19,0.0024132,-0.000304568,0.000526109
20,-0.0048392,-0.0005313,0.000548196
1,0.021764,0.021764,0
2,0.0264056,0.0240848,0.0023208
3,0.0222344,0.023468,0.00147506
4,0.0231944,0.0233996,0.00104527
5,0.0192752,0.0225747,0.00115585
6,0.0227152,0.0225981,0.000944034
7,0.0210188,0.0223725,0.000829141
8,0.020012,0.0220774,0.000776318
9,0.0177684,0.0215987,0.00083545
10,0.0194892,0.0213877,0.000776453
11,0.0222356,0.0214648,0.000706545
12,0.018992,0.0212587,0.000677103
13,0.0190656,0.02109,0.000645287
14,0.0211076,0.0210913,0.000597421
15,0.0179236,0.0208801,0.000594912
16,0.0201412,0.0208339,0.000558402
17,0.024626,0.021057,0.000569988
18,0.0235472,0.0211953,0.000554912
19,0.0237248,0.0213285,0.000541514
20,0.0168796,0.021106,0.000559817
1,-0.000698,-0.000698,0
2,0.0032996,0.0013008,0.0019988
3,0.0001992,0.0009336,0.00121102
4,0.0008276,0.0009071,0.00085673
5,-0.0025124,0.0002232,0.000952949
6,0.0002072,0.000220533,0.000778084
7,0.0005756,0.000271257,0.000659554
8,-0.0009324,0.0001208,0.000590674
9,-0.0038728,-0.000322933,0.000684298
10,-0.0013972,-0.00043036,0.00062141
11,-5.44e-05,-0.000396182,0.000563125
12,-0.0014396,-0.000483133,0.000521362
13,-0.0024196,-0.000632092,0.000502185
14,-0.00056,-0.000626943,0.000464961
15,-0.0033688,-0.000809733,0.000469868
16,-0.0005344,-0.000792525,0.000439858
17,0.0032644,-0.000553882,0.000477141
18,0.0014216,-0.000444133,0.000463047
19,0.0027072,-0.000278274,0.000468351
20,-0.0044924,-0.00048898,0.000491746
1,0.0176996,0.0176996,0
2,0.0212808,0.0194902,0.0017906
3,0.0185,0.0191601,0.00108522
4,0.0186564,0.0190342,0.000777628
5,0.0154908,0.0183255,0.000930081
6,0.0188712,0.0184165,0.000764835
7,0.0180288,0.0183611,0.000648771
8,0.0170756,0.0182004,0.000584378
9,0.0140652,0.0177409,0.000690449
10,0.0159532,0.0175622,0.000642912
11,0.0177836,0.0175823,0.000581884
12,0.0163904,0.017483,0.000540391
13,0.0155216,0.0173321,0.00051948
14,0.0172576,0.0173268,0.000480974
15,0.0139428,0.0171012,0.000501384
16,0.017742,0.0171412,0.000470709
17,0.0212596,0.0173835,0.000504171
18,0.0192376,0.0174865,0.00048637
19,0.0204928,0.0176447,0.000486509
20,0.0134856,0.0174368,0.000506229
1,0.0001944,0.0001944,0
2,0.0036832,0.0019388,0.0017444
3,0.000844,0.00157387,0.00107121
4,0.0005672,0.0013222,0.000798173
5,-0.00206,0.00064576,0.000916416
6,0.0002448,0.000578933,0.000751229
7,3.6e-05,0.000501371,0.000639624
8,-0.00122,0.0002862,0.000594254
9,-0.0027324,-4.92e-05,0.000622219
10,-0.0009968,-0.00014396,0.000564539
11,0.000194,-0.000113236,0.000511568
12,-0.0007416,-0.0001656,0.000469922
13,-0.0028176,-0.0003696,0.000477985
14,-0.0024032,-0.000514857,0.000465758
15,-0.0033596,-0.000704507,0.000473259
16,-0.0010252,-0.00072455,0.000443146
17,0.002896,-0.000511576,0.000467582
18,0.0013024,-0.0004108,0.000452213
19,0.0014936,-0.000310568,0.000439337
20,-0.0037472,-0.0004824,0.000450823
1,0.015822,0.015822,0
2,0.0189496,0.0173858,0.0015638
3,0.0157652,0.0168456,0.00105213
4,0.0163,0.0167092,0.000756367
5,0.0134016,0.0160477,0.000883665
6,0.0156676,0.0159843,0.000724285
7,0.0148956,0.0158288,0.000631583
8,0.0142428,0.0156305,0.000581787
9,0.0123576,0.0152669,0.000628894
10,0.0142004,0.0151602,0.000572521
11,0.0148888,0.0151356,0.000518453
12,0.0142756,0.0150639,0.000478675
13,0.011846,0.0148164,0.000505124
14,0.0128956,0.0146792,0.000487364
15,0.0117448,0.0144835,0.000494088
16,0.0140892,0.0144589,0.000462834
17,0.0179476,0.0146641,0.000480757
18,0.0162876,0.0147543,0.000462149
19,0.016586,0.0148507,0.000447653
20,0.011116,0.014664,0.000463923
1,8.56e-05,8.56e-05,0
2,0.0037324,0.001909,0.0018234
3,0.0008492,0.00155573,0.00111043
4,0.0013388,0.0015015,0.000787065
5,-0.00121,0.0009592,0.000815949
6,-4.56e-05,0.000791733,0.000686945
7,-0.0001092,0.000663029,0.000594669
8,-0.0016424,0.00037485,0.000590144
9,-0.0024812,5.75111e-05,0.000609574
10,-0.000532,-1.44e-06,0.000548398
11,0.000318,2.76e-05,0.000496894
12,-0.00121,-7.55333e-05,0.000465177
13,-0.0013572,-0.000174123,0.000439111
14,-0.0028052,-0.000362057,0.000447875
15,-0.0023492,-0.000494533,0.000437489
16,-0.0006912,-0.000506825,0.000409418
17,0.0023512,-0.000338706,0.000419722
18,0.000852,-0.000272556,0.000401209
19,0.000828,-0.000214632,0.000383901
20,-0.0034436,-0.00037608,0.000398381
1,0.0131288,0.0131288,0
2,0.0169356,0.0150322,0.0019034
3,0.0140124,0.0146923,0.0011503
4,0.0146464,0.0146808,0.000813468
5,0.011672,0.014079,0.000871294
6,0.0131364,0.0139219,0.00072855
7,0.0122612,0.0136847,0.000659862
8,0.0114756,0.0134085,0.000634677
9,0.010314,0.0130647,0.000656906
10,0.012438,0.013002,0.000590888
11,0.0132988,0.013029,0.000535158
12,0.0118396,0.0129299,0.000498484
13,0.01157,0.0128253,0.00047032
14,0.0104964,0.0126589,0.000466125
15,0.0103644,0.012506,0.000460112
16,0.012236,0.0124891,0.000430726
17,0.0153848,0.0126594,0.00043899
18,0.0137572,0.0127204,0.000418353
19,0.01384,0.0127793,0.000400085
20,0.0094792,0.0126143,0.000413871
1,0.127972,0.127972,0
2,0.0492696,0.0886206,0.039351
3,0.0444752,0.0739055,0.0270685
4,0.0910168,0.0781833,0.0196125
5,-0.0119896,0.0601487,0.0235804
6,-0.0043696,0.0493957,0.0220526
7,0.12748,0.0605505,0.021721
8,-0.0847524,0.0423877,0.0261484
9,0.102923,0.0491138,0.0240216
10,0.110348,0.0552372,0.0223412
11,-0.0327492,0.0472384,0.0217338
12,0.0827424,0.0501971,0.0200595
13,-0.0461264,0.0427876,0.0198842
14,-0.04128,0.0367828,0.0193638
15,0.215112,0.0486714,0.021594
16,-0.0113184,0.0449221,0.0205444
17,-0.000688,0.0422391,0.0194837
18,0.0663148,0.0435766,0.018418
19,0.242973,0.0540712,0.0203384
20,0.0368956,0.0532124,0.0193138
1,0.874165,0.874165,0
2,0.892062,0.883113,0.0089482
3,0.84074,0.868989,0.0150396
4,0.843912,0.86272,0.012345
5,0.900449,0.870266,0.0121811
6,0.909466,0.876799,0.0118997
7,0.902834,0.880518,0.0107228
8,0.876692,0.88004,0.00929854
9,0.916581,0.8841,0.00915061
10,0.890813,0.884771,0.00821204
11,0.888382,0.8851,0.00743532
12,0.917006,0.887758,0.00728969
13,0.865301,0.886031,0.00692449
14,0.909566,0.887712,0.00662758
15,0.855559,0.885568,0.00653168
16,0.900767,0.886518,0.00618323
17,0.85981,0.884947,0.00601687
18,0.908927,0.88628,0.00582709
19,0.896774,0.886832,0.00553948
20,0.931018,0.889041,0.00570072
1,4.28e-05,4.28e-05,0
2,-0.015222,-0.0075896,0.0076324
3,0.0204652,0.001762,0.0103378
4,-0.0062508,-0.0002412,0.00757944
5,0.0036112,0.00052928,0.00592135
6,-0.00412,-0.0002456,0.00489647
7,0.0228536,0.00305429,0.00529287
8,-0.0072376,0.0017678,0.00476088
9,0.0146568,0.00319991,0.00443621
10,0.0463268,0.0075126,0.00586031
11,-0.0322676,0.00389622,0.00641695
12,0.029402,0.0060217,0.00623154
13,-0.0111248,0.00470274,0.00588197
14,0.019138,0.00573383,0.0055424
15,-0.036376,0.00292651,0.00587397
16,-0.0024664,0.00258945,0.00550492
17,-0.0034764,0.00223264,0.00518327
18,0.0205232,0.00324878,0.00499136
19,0.00771,0.00348358,0.00472719
20,0.015742,0.0040965,0.0045263
1,0.375634,0.375634,0
2,0.368246,0.37194,0.003694
3,0.362131,0.36867,0.00390358
4,0.333383,0.359848,0.00924358
5,0.334635,0.354806,0.00875753
6,0.361292,0.355887,0.00723175
7,0.337378,0.353243,0.00665936
8,0.348219,0.352615,0.00580127
9,0.347582,0.352055,0.0051467
10,0.367462,0.353596,0.00485431
11,0.384964,0.356448,0.0052356
12,0.344645,0.355464,0.00487958
13,0.348261,0.35491,0.00452264
14,0.347298,0.354366,0.0042223
15,0.341373,0.3535,0.00402506
16,0.361578,0.354005,0.0037988
17,0.360901,0.354411,0.00359133
18,0.348638,0.35409,0.00340109
19,0.366496,0.354743,0.0032827
20,0.34332,0.354172,0.00316619
1,-0.000668,-0.000668,0
2,0.00404,0.001686,0.002354
3,0.0118408,0.00507093,0.00364759
4,0.0015872,0.0042,0.00272231
5,0.0077508,0.00491016,0.00222506
6,0.0073176,0.0053114,0.00186054
7,-0.0065616,0.00361526,0.00231289
8,-0.0110676,0.0017799,0.00271673
9,0.0008244,0.00167373,0.00239828
10,-0.0014088,0.00136548,0.00216713
11,0.0164096,0.00273313,0.00239019
12,0.0007112,0.00256463,0.00218843
13,0.0039468,0.00267095,0.00201587
14,-0.0069136,0.00198634,0.00198793
15,0.0036876,0.00209976,0.00185414
16,-0.003576,0.00174502,0.00177029
17,-0.0069432,0.00123395,0.00173966
18,-0.0101696,0.000600422,0.00175827
19,0.0013396,0.000639326,0.00166361
20,0.0098604,0.00110038,0.00164421
1,0.158945,0.158945,0
2,0.136524,0.147735,0.0112102
3,0.135222,0.143564,0.00769972
4,0.144982,0.143918,0.00545606
5,0.144983,0.144131,0.00423161
6,0.145656,0.144385,0.00346442
7,0.137865,0.143454,0.00307256
8,0.148512,0.144086,0.00273501
9,0.153492,0.145131,0.00262873
10,0.151091,0.145727,0.00242556
11,0.146034,0.145755,0.00219418
12,0.134513,0.144818,0.00221128
13,0.143064,0.144683,0.00203855
14,0.140729,0.144401,0.00190835
15,0.155606,0.145148,0.00192723
16,0.137564,0.144674,0.00186404
17,0.142903,0.14457,0.00175406
18,0.158282,0.145332,0.00182076
19,0.144028,0.145263,0.00172364
20,0.14885,0.145442,0.00164499
1,0.0007472,0.0007472,0
2,-0.0080016,-0.0036272,0.0043744
3,-0.0011604,-0.00280493,0.00265605
4,0.00183,-0.0016462,0.0022068
5,0.0043996,-0.00043704,0.00209381
6,-0.0012484,-0.000572267,0.00171493
7,0.0038768,6.33143e-05,0.00158261
8,0.0045216,0.0006206,0.00147955
9,0.0023872,0.000816889,0.00131952
10,0.0006144,0.00079664,0.00118039
11,0.0019708,0.000903382,0.00107302
12,0.0026344,0.00104763,0.000990097
13,-0.0003412,0.0009408,0.000917002
14,-0.0001756,0.000861057,0.000852715
15,-0.0017068,0.000689867,0.000812084
16,0.00935,0.00123113,0.000932741
17,0.0026572,0.00131501,0.000880164
18,0.0098832,0.00179102,0.00095666
19,-0.006048,0.00137844,0.000994527
20,-0.0066628,0.00097638,0.00102559
1,0.0798256,0.0798256,0
2,0.0792464,0.079536,0.0002896
3,0.0772924,0.0787881,0.000766329
4,0.0729396,0.077326,0.00155932
5,0.079726,0.077806,0.00129972
6,0.0782608,0.0778818,0.00106392
7,0.0726532,0.0771349,0.00116895
8,0.0840648,0.0780011,0.00133237
9,0.0765828,0.0778435,0.00118556
10,0.0764,0.0776992,0.00107018
11,0.0787356,0.0777934,0.000972587
12,0.0771376,0.0777387,0.000889527
13,0.0747208,0.0775066,0.00085054
14,0.0811888,0.0777696,0.000830211
15,0.076474,0.0776832,0.000777696
16,0.0787856,0.0777521,0.000730723
17,0.0799332,0.0778804,0.000698282
18,0.0791608,0.0779516,0.000662179
19,0.077956,0.0779518,0.000626358
20,0.0778564,0.077947,0.000594235
1,0.0016632,0.0016632,0
2,-0.0014776,9.28e-05,0.0015704
3,-0.0066124,-0.00214227,0.00241196
4,-0.0013968,-0.0019559,0.00171567
5,-0.002982,-0.00216112,0.0013447
6,-0.0006048,-0.00190173,0.00112817
7,0.0021416,-0.00132411,0.00111479
8,-0.002866,-0.00151685,0.000984489
9,-1.48e-05,-0.00134996,0.000884133
10,-0.0011284,-0.0013278,0.000791103
11,-0.0027076,-0.00145324,0.00072649
12,0.00361,-0.0010313,0.000786037
13,-0.0017344,-0.00108538,0.000725069
14,0.0011924,-0.000922686,0.000690718
15,0.0017248,-0.000746187,0.000666807
16,-0.001364,-0.0007848,0.000624935
17,0.0010576,-0.000676424,0.000596944
18,0.00191,-0.000532733,0.000580858
19,0.0014148,-0.000430232,0.000558916
20,-0.0006148,-0.00043946,0.000530315
1,0.0526364,0.0526364,0
2,0.0478012,0.0502188,0.0024176
3,0.051742,0.0507265,0.00148528
4,0.0465076,0.0496718,0.00148845
5,0.0560508,0.0509476,0.00171958
6,0.0498032,0.0507569,0.00141693
7,0.0461324,0.0500962,0.00136766
8,0.05096,0.0502042,0.00118934
9,0.051728,0.0503735,0.00106248
10,0.047172,0.0500534,0.00100279
11,0.0527156,0.0502954,0.00093879
12,0.054216,0.0506221,0.00091716
13,0.0450948,0.0501969,0.000944746
14,0.051352,0.0502794,0.000878548
15,0.0515024,0.050361,0.000821937
16,0.0502672,0.0503551,0.000768874
17,0.0522464,0.0504664,0.00073075
18,0.0485736,0.0503612,0.000696936
19,0.0512536,0.0504082,0.000660907
20,0.0501748,0.0503965,0.0006271
1,0.0006604,0.0006604,0
2,9.2e-05,0.0003762,0.0002842
3,-0.0025244,-0.000590667,0.000980691
4,0.0035112,0.0004348,0.00123793
5,-7.6e-06,0.00034632,0.000962966
6,-0.002606,-0.000145733,0.000927534
7,-0.001742,-0.000373771,0.000816404
8,-0.0003344,-0.00036885,0.000707044
9,-0.00171,-0.000517867,0.000641113
10,0.0050564,3.956e-05,0.000799715
11,0.002488,0.000262145,0.000756841
12,-0.001076,0.000150633,0.000699839
13,-0.0006648,8.79077e-05,0.000646807
14,0.0019884,0.000223657,0.000614021
15,0.0018992,0.00033536,0.000582434
16,-0.0018556,0.000198425,0.000561763
17,0.0008276,0.000235435,0.00052898
18,-0.0001892,0.000211844,0.000499285
19,0.0023796,0.000325937,0.000485862
20,-0.0005184,0.00028372,0.000462859
1,0.0353944,0.0353944,0
2,0.0377828,0.0365886,0.0011942
3,0.0363624,0.0365132,0.000693582
4,0.0338564,0.035849,0.000825645
5,0.0339452,0.0354682,0.000744306
6,0.0367016,0.0356738,0.000641547
7,0.035108,0.035593,0.000548198
8,0.0368376,0.0357486,0.000499595
9,0.0346964,0.0356316,0.000455847
10,0.0362656,0.035695,0.000412621
11,0.0337284,0.0355163,0.000413842
12,0.0358724,0.0355459,0.000378948
13,0.0367244,0.0356366,0.000360176
14,0.0349244,0.0355857,0.000337316
15,0.0370492,0.0356833,0.000328832
16,0.0348848,0.0356334,0.000311616
17,0.039514,0.0358616,0.000371199
18,0.03666,0.035906,0.000352769
19,0.0333568,0.0357718,0.000359649
20,0.0361684,0.0357917,0.000341769
1,-0.0017044,-0.0017044,0
2,-0.001812,-0.0017582,5.38e-05
3,0.001528,-0.0006628,0.00109584
4,-0.0004624,-0.0006127,0.000776494
5,0.0032344,0.00015672,0.000976613
6,-0.0023608,-0.000262867,0.000901056
7,0.0008896,-9.82286e-05,0.000779125
8,0.0010348,4.34e-05,0.000689446
9,-0.0008164,-5.21333e-05,0.000615493
10,0.0008376,3.684e-05,0.000557657
11,0.0010444,0.000128436,0.000512669
12,-5.36e-05,0.000113267,0.000468246
13,-0.0041704,-0.000216246,0.000542312
14,-0.0018116,-0.0003302,0.000514852
15,-0.001584,-0.000413787,0.000486535
16,-0.0016168,-0.000488975,0.000461281
17,-0.0003408,-0.000480259,0.000433386
18,0.0027712,-0.000299622,0.000446748
19,-0.0012052,-0.000347284,0.00042526
20,0.0044668,-0.00010658,0.000469788
1,0.0283376,0.0283376,0
2,0.027364,0.0278508,0.0004868
3,0.02629,0.0273305,0.000591328
4,0.0278896,0.0274703,0.000440873
5,0.0249732,0.0269709,0.000605014
6,0.029246,0.0273501,0.000622744
7,0.0259452,0.0271494,0.000563281
8,0.030068,0.0275142,0.000609151
9,0.0278972,0.0275568,0.000538903
10,0.0283796,0.027639,0.000488983
11,0.0284484,0.0277126,0.00044838
12,0.0292392,0.0278398,0.000428626
13,0.0268396,0.0277629,0.000401716
14,0.025652,0.0276121,0.000401318
15,0.0282088,0.0276519,0.000375718
16,0.0277868,0.0276603,0.000351554
17,0.0315636,0.0278899,0.000402204
18,0.0288084,0.027941,0.000382619
19,0.0234904,0.0277067,0.00043111
20,0.0261524,0.027629,0.000416305
1,0.0003584,0.0003584,0
2,0.0011692,0.0007638,0.0004054
3,-0.0011452,0.000127467,0.000678014
4,-0.0007636,-9.53e-05,0.000528655
5,0.0006704,5.784e-05,0.000437193
6,-0.0005392,-4.16667e-05,0.000370576
7,0.000842,8.45714e-05,0.000337678
8,-0.0002428,4.365e-05,0.000295287
9,0.0044032,0.000528044,0.00054996
10,0.000536,0.00052884,0.0004919
11,0.0014772,0.000615055,0.000453216
12,0.0001628,0.000577367,0.000415441
13,0.0002692,0.000553662,0.000382884
14,0.0020668,0.000661743,0.000370593
15,8.64e-05,0.000623387,0.000347129
16,0.0001376,0.000593025,0.000326126
17,0.0003492,0.000578682,0.000306677
18,0.0019432,0.000654489,0.00029891
19,-1.16e-05,0.000619432,0.000284906
20,-0.0016496,0.00050598,0.000293131
1,0.023352,0.023352,0
2,0.0204796,0.0219158,0.0014362
3,0.0197312,0.0211876,0.00110355
4,0.022044,0.0214017,0.000809169
5,0.0216976,0.0214609,0.000629567
6,0.0223272,0.0216053,0.000533933
7,0.0222728,0.0217006,0.000461222
8,0.02163,0.0216918,0.000399527
9,0.0239324,0.0219408,0.000431427
10,0.0219864,0.0219453,0.000385907
11,0.0171852,0.0215126,0.000555976
12,0.0188992,0.0212948,0.000552286
13,0.0228008,0.0214106,0.00052107
14,0.0189616,0.0212357,0.000513155
15,0.0220428,0.0212895,0.000480742
16,0.0223896,0.0213583,0.000454918
17,0.0223672,0.0214176,0.000431423
18,0.0202836,0.0213546,0.0004116
19,0.022198,0.021399,0.000391856
20,0.021328,0.0213955,0.000371765
1,-0.0004544,-0.0004544,0
2,-0.0006664,-0.0005604,0.000106
3,0.001904,0.000261067,0.000823743
4,0.0013676,0.0005377,0.000644827
5,-0.0009892,0.00023232,0.000585439
6,0.0001516,0.000218867,0.000478198
7,-0.0004844,0.0001184,0.000416451
8,-0.0007072,1.52e-05,0.000375132
9,0.0007324,9.48889e-05,0.000340297
10,0.0021112,0.00029652,0.000365099
11,-0.0016192,0.000122364,0.000373352
12,0.0015936,0.000244967,0.000362203
13,-0.0027132,1.74154e-05,0.000403469
14,0.0010236,8.92857e-05,0.000380391
15,0.0025212,0.000251413,0.000389474
16,0.0015012,0.000329525,0.000372599
17,0.0008476,0.00036,0.00035132
18,0.0004628,0.000365711,0.000331277
19,-0.0018508,0.000249053,0.000334367
20,-6.8e-06,0.00023626,0.000317467
1,0.0192312,0.0192312,0
2,0.0170492,0.0181402,0.001091
3,0.018726,0.0183355,0.000659461
4,0.0166632,0.0179174,0.000626278
5,0.0195104,0.018236,0.00058038
6,0.0170256,0.0180343,0.000515031
7,0.017614,0.0179742,0.000439402
8,0.0151832,0.0176254,0.000516257
9,0.018074,0.0176752,0.000458017
10,0.0186496,0.0177726,0.000421092
11,0.0179872,0.0177921,0.000381391
12,0.0191468,0.017905,0.000366005
13,0.0167224,0.0178141,0.000348749
14,0.021598,0.0180843,0.000421074
15,0.018494,0.0181117,0.000392948
16,0.0176944,0.0180856,0.000368494
17,0.0205316,0.0182295,0.000374853
18,0.0180524,0.0182196,0.000353552
19,0.018906,0.0182557,0.000336372
20,0.0191948,0.0183027,0.000322546
1,-0.0011816,-0.0011816,0
2,-0.0003648,-0.0007732,0.0004084
3,0.000308,-0.0004128,0.00043068
4,-0.0004292,-0.0004169,0.000304564
5,0.0006176,-0.00021,0.000313788
6,0.0017652,0.0001192,0.000417151
7,0.0002516,0.000138114,0.000353064
8,-0.0010032,-4.55e-06,0.000337407
9,-4.92e-05,-9.51111e-06,0.000297607
10,0.0006864,6.008e-05,0.000275134
11,-0.0003348,2.41818e-05,0.000251444
12,0.0012228,0.000124067,0.000250327
13,0.000836,0.000178831,0.00023669
14,-0.0009744,9.64571e-05,0.000234103
15,0.0011012,0.00016344,0.000228
16,0.0017068,0.0002599,0.000234073
17,0.0009668,0.000301482,0.000223771
18,0.0008048,0.000329444,0.000212818
19,-0.0007816,0.000270968,0.000209627
20,-0.0005932,0.00022776,0.00020351
1,0.0142272,0.0142272,0
2,0.0136252,0.0139262,0.000301
3,0.0144868,0.0141131,0.000255185
4,0.0171928,0.014883,0.000790795
5,0.0143944,0.0147853,0.000620293
6,0.0147276,0.0147757,0.000506558
7,0.0157716,0.0149179,0.000451142
8,0.013986,0.0148015,0.000407698
9,0.0124104,0.0145358,0.000447059
10,0.0150388,0.0145861,0.000403014
11,0.0139524,0.0145285,0.000369063
12,0.0130932,0.0144089,0.000357508
13,0.0160408,0.0145344,0.000352005
14,0.015524,0.0146051,0.000333471
15,0.014532,0.0146002,0.000310482
16,0.0154804,0.0146552,0.000295594
17,0.0159852,0.0147335,0.000288473
18,0.015438,0.0147726,0.000274777
19,0.013828,0.0147229,0.000264625
20,0.016754,0.0148244,0.000270809
1,0.0007028,0.0007028,0
2,-0.0014308,-0.000364,0.0010668
3,-0.0005216,-0.000416533,0.000618154
4,0.000168,-0.0002704,0.000460882
5,-0.0007968,-0.00037568,0.000372198
6,0.0016928,-3.09333e-05,0.00045957
7,7.56e-05,-1.57143e-05,0.000388705
8,0.0008556,9.32e-05,0.00035381
9,0.0008524,0.000177556,0.000323232
10,0.000172,0.000177,0.000289108
11,0.0003076,0.000188873,0.000261778
12,0.0001656,0.000186933,0.000238977
13,-0.0009408,0.000100185,0.000236324
14,-0.0006936,4.34857e-05,0.000226021
15,-0.000648,-2.61333e-06,0.000215405
16,6.24e-05,1.45e-06,0.000201534
17,0.000352,2.20706e-05,0.000190428
18,0.000726,6.11778e-05,0.000183747
19,-0.0009836,6.18947e-06,0.000182298
20,0.0009372,5.274e-05,0.000179099
1,0.0131096,0.0131096,0
2,0.0126632,0.0128864,0.0002232
3,0.0115808,0.0124512,0.000453878
4,0.012542,0.0124739,0.000321742
5,0.0132832,0.0126358,0.000297169
6,0.0118736,0.0125087,0.000273877
7,0.015046,0.0128712,0.000430069
8,0.01376,0.0129823,0.000388668
9,0.0117796,0.0128487,0.000367901
10,0.0136572,0.0129295,0.000338849
11,0.0130496,0.0129404,0.000306694
12,0.0133416,0.0129739,0.000281961
13,0.013702,0.0130299,0.000265345
14,0.011548,0.012924,0.000267495
15,0.0136044,0.0129694,0.000253122
16,0.0133796,0.012995,0.000238158
17,0.0118284,0.0129264,0.000233999
18,0.0128304,0.0129211,0.000220681
19,0.0129228,0.0129212,0.000208743
20,0.0128648,0.0129183,0.000198051
