1,0.339024028,0.339024028,0
2,0.328813404,0.333918716,0.005105312
3,0.334098835,0.333978756,0.00294816468
4,0.336380405,0.334579168,0.0021694083
5,0.34716127,0.337095588,0.00302591664
6,0.335012792,0.336748456,0.00249491793
7,0.299944419,0.331490736,0.00566478313
8,0.312115062,0.329068777,0.00547112537
9,0.349199867,0.331305565,0.00531832752
10,0.322028184,0.330377827,0.00484648162
11,0.361727517,0.333227798,0.00522877693
12,0.324979855,0.33254047,0.00482243135
13,0.317274956,0.331366199,0.00458878336
14,0.310110179,0.329847912,0.00451154025
15,0.363089379,0.33206401,0.00474881235
16,0.327500184,0.331778771,0.00445125575
17,0.34450722,0.332527503,0.0042477355
18,0.34166229,0.333034991,0.00403682979
19,0.33050651,0.332901913,0.00382077697
20,0.316087283,0.332061182,0.00372093167
1,0.196803742,0.196803742,0
2,0.290782492,0.243793117,0.046989375
3,0.231866063,0.239817432,0.0274190905
4,0.272879081,0.248082844,0.0210765343
5,0.248988259,0.248263927,0.0163268175
6,0.265347463,0.251111183,0.0136314653
7,0.240733835,0.249628705,0.0116156817
8,0.281531398,0.253616542,0.0108210853
9,0.291091365,0.257780411,0.0104121269
10,0.248836783,0.256886048,0.00935573585
11,0.21434102,0.253018318,0.00930454831
12,0.251137152,0.252861554,0.00849529817
13,0.217592355,0.250148539,0.00827208875
14,0.220305214,0.248016873,0.00794959761
15,0.265839577,0.249205053,0.00749544712
16,0.247138797,0.249075912,0.00701253799
17,0.251982915,0.249246912,0.00658935163
18,0.313144013,0.252796751,0.00715517409
19,0.284964971,0.254489816,0.00697666651
20,0.229510678,0.253240859,0.00673545703
1,0.446644949,0.446644949,0
2,0.44451585,0.4455804,0.00106454946
3,0.435157901,0.442106234,0.00352811383
4,0.434310042,0.440157186,0.00316584613
5,0.449069413,0.441939631,0.00303161026
6,0.434768391,0.440744424,0.00274874994
7,0.429368723,0.439119324,0.00283510608
8,0.432505798,0.438292633,0.00259071179
9,0.440530544,0.43854129,0.00229828401
10,0.433468884,0.438034049,0.00211730503
11,0.438791822,0.438102938,0.00191641301
12,0.440395869,0.438294016,0.00175984175
13,0.435625061,0.438088711,0.00163178573
14,0.42893241,0.43743469,0.00164623194
15,0.441689475,0.437718342,0.00155858727
16,0.438703734,0.437779929,0.00145922512
17,0.431930656,0.437435854,0.00141322862
18,0.441685222,0.43767193,0.00135315712
19,0.434924621,0.437527335,0.00128809997
20,0.436632253,0.437482581,0.00122281819
1,0.531353142,0.531353142,0
2,0.526517494,0.528935318,0.00241782381
3,0.524886419,0.527585685,0.0019416831
4,0.523593727,0.526587696,0.00169736551
5,0.511694801,0.523609117,0.00325585054
6,0.505886855,0.520655406,0.00397384524
7,0.508830375,0.518966116,0.00375942889
8,0.515171222,0.518491755,0.0032901365
9,0.523890513,0.519091617,0.00296298456
10,0.518349903,0.519017445,0.00265121168
11,0.513140806,0.518483205,0.00245689837
12,0.518319943,0.5184696,0.00224287236
13,0.500725149,0.517104642,0.00247379602
14,0.516071728,0.517030863,0.00229147814
15,0.515758868,0.516946063,0.00213493484
16,0.51866044,0.517053212,0.00199992105
17,0.519903963,0.517220903,0.00188606827
18,0.514406989,0.517064574,0.00178506071
19,0.524006501,0.517429939,0.00172757578
20,0.52466562,0.517791723,0.00167837837
1,0.420567557,0.420567557,0
2,0.426352058,0.423459808,0.00289225064
3,0.420996767,0.422638794,0.00186076179
4,0.415857661,0.420943511,0.00214597364
5,0.423849917,0.421524792,0.00176096839
6,0.419773899,0.421232977,0.00146713873
7,0.414279584,0.420239635,0.00158878102
8,0.418735908,0.420051669,0.00138870444
9,0.418774434,0.419909754,0.001232917
10,0.418362168,0.419754995,0.00111356081
11,0.42187332,0.41994757,0.00102549745
12,0.423874232,0.420274792,0.000991687931
13,0.417883576,0.420090852,0.000930580222
14,0.421800435,0.420212965,0.00087016078
15,0.417784568,0.420051072,0.000826094353
16,0.41725065,0.419876046,0.000792314414
17,0.417715337,0.419748945,0.000755024709
18,0.423884473,0.419978697,0.000748002551
19,0.425078533,0.420247109,0.000756741363
20,0.417639557,0.420116732,0.000729650645
1,0.443604711,0.443604711,0
2,0.442494706,0.443049708,0.000555002273
3,0.440078222,0.442059213,0.00104103648
4,0.439844722,0.44150559,0.000921073553
5,0.43878604,0.44096168,0.000897142129
6,0.433289132,0.439682922,0.00147370215
7,0.426867438,0.437852139,0.00221428369
8,0.433366326,0.437291412,0.0019979248
9,0.438610291,0.437437954,0.00176808735
10,0.44322189,0.438016348,0.00168387809
11,0.438394435,0.43805072,0.00152351281
12,0.4455039,0.438671818,0.00152315655
13,0.435853087,0.438454992,0.00141777826
14,0.444474813,0.43888498,0.00138124136
15,0.435145439,0.438635677,0.00130981011
16,0.431898603,0.43821461,0.00129554996
17,0.43637038,0.438106126,0.00122178306
18,0.443793334,0.438422082,0.00119445407
19,0.442587004,0.438641288,0.00115090872
20,0.43165884,0.438292166,0.00114630635
1,0.357948958,0.357948958,0
2,0.35868495,0.358316954,0.000367996078
3,0.360465147,0.359033018,0.000746919145
4,0.358209872,0.358827232,0.000566826475
5,0.358328521,0.35872749,0.000450248647
6,0.352598376,0.357705971,0.00108565662
7,0.359678458,0.357987755,0.000959841252
8,0.355353231,0.357658439,0.00089410295
9,0.355805295,0.357452534,0.000814965025
10,0.355453061,0.357252587,0.000755852729
11,0.355366658,0.357081139,0.000704863559
12,0.357442054,0.357111215,0.000644151983
13,0.357391058,0.357132741,0.000592924534
14,0.359261521,0.357284797,0.000569611831
15,0.356525461,0.357234175,0.000532690574
16,0.354365677,0.357054894,0.000529557424
17,0.355785465,0.356980221,0.000503006088
18,0.356921475,0.356976958,0.000474249918
19,0.358189933,0.357040798,0.00045311542
20,0.359315683,0.357154543,0.000444657148
1,0.362873551,0.362873551,0
2,0.36719669,0.365035121,0.0021615692
3,0.36738246,0.365817567,0.00147298439
4,0.363346386,0.365199772,0.00121099647
5,0.366580408,0.365475899,0.000977831148
6,0.360380569,0.364626677,0.0011655957
7,0.364583225,0.36462047,0.000985127722
8,0.363543176,0.364485808,0.000863707847
9,0.363416882,0.364367039,0.000770922587
10,0.360700684,0.364000403,0.000780947412
11,0.362775784,0.363889074,0.000715112538
12,0.363949085,0.363894075,0.000652824602
13,0.364833152,0.363966312,0.000604840434
14,0.368051835,0.364258135,0.000631451472
15,0.362003446,0.364107822,0.000606762481
16,0.361955763,0.363973319,0.000583293985
17,0.36396611,0.363972895,0.000547909458
18,0.364030773,0.36397611,0.000516583998
19,0.364015505,0.363978184,0.000488643942
20,0.364701934,0.364014371,0.000464978654
1,0.292999152,0.292999152,0
2,0.294947965,0.293973558,0.00097440662
3,0.296172148,0.294706421,0.000923892849
4,0.29291435,0.294258404,0.000792154666
5,0.295548599,0.294516443,0.000665649773
6,0.29235279,0.294155834,0.000652251331
7,0.293981145,0.294130878,0.000551817573
8,0.291813916,0.293841258,0.000558799506
9,0.294428811,0.293906542,0.00049712013
10,0.292386384,0.293754526,0.000469905892
11,0.294521378,0.29382424,0.000430724979
12,0.295527324,0.293966163,0.000418025925
13,0.290959195,0.293734858,0.000448735835
14,0.293555802,0.293722068,0.000415645478
15,0.292025009,0.293608931,0.000403145618
16,0.29192739,0.293503835,0.000391479018
17,0.291109045,0.293362965,0.000393789377
18,0.293852355,0.293390153,0.000372262371
19,0.295086091,0.293479413,0.000363262037
20,0.292475349,0.29342921,0.000348258152
1,0.296487019,0.296487019,0
2,0.297955141,0.29722108,0.000734060697
3,0.299336237,0.297926132,0.000822626243
4,0.295412859,0.297297814,0.000856236436
5,0.298170382,0.297472328,0.000685812995
6,0.296087819,0.297241576,0.00060564501
7,0.29723477,0.297240604,0.000511864381
8,0.296062046,0.297093284,0.000467126297
9,0.297961246,0.297189724,0.000423104311
10,0.294205635,0.296891315,0.000481935347
11,0.298074567,0.296998884,0.00044900248
12,0.29841592,0.29711697,0.000426552548
13,0.295777511,0.297013935,0.000405674122
14,0.296543299,0.296980318,0.000377082715
15,0.293465394,0.29674599,0.00042206901
16,0.293912847,0.296568918,0.000432699391
17,0.294294721,0.296435142,0.000427899454
18,0.297056855,0.296469682,0.000404903339
19,0.297640499,0.296531303,0.000387925803
20,0.294089254,0.296409201,0.000387745793
1,0.240027198,0.240027198,0
2,0.238724555,0.239375876,0.000651321616
3,0.240871448,0.2398744,0.000624445745
4,0.238752025,0.239593806,0.000523162646
5,0.240104247,0.239695894,0.000417901255
6,0.238944878,0.239570725,0.000363448808
7,0.238931243,0.23947937,0.000320467236
8,0.238516197,0.239358974,0.000302522367
9,0.238271717,0.239238167,0.000292875777
10,0.238176267,0.239131977,0.000282661116
11,0.240353226,0.239243,0.000278741011
12,0.240430007,0.239341917,0.000273005037
13,0.238858633,0.239304742,0.000253864844
14,0.239533593,0.239321088,0.000235600939
15,0.237484899,0.239198675,0.00025118043
16,0.237042064,0.239063887,0.000270874562
17,0.238667662,0.23904058,0.000255507611
18,0.241087417,0.239154293,0.000266385128
19,0.241447602,0.239274994,0.00027939229
20,0.239669211,0.239294704,0.000265786691
1,0.242420122,0.242420122,0
2,0.240697276,0.241558699,0.000861423105
3,0.24305883,0.242058743,0.000705261241
4,0.241254543,0.241857693,0.000537696716
5,0.241371019,0.241760358,0.000427720363
6,0.240826766,0.241604759,0.000382327179
7,0.24107958,0.241529734,0.000331721122
8,0.240974363,0.241460312,0.000295547805
9,0.239520233,0.241244748,0.000338239182
10,0.239600452,0.241080318,0.000344327875
11,0.24189204,0.241154111,0.000320078747
12,0.241971556,0.241222232,0.000300026199
13,0.24060295,0.241174595,0.000280065053
14,0.241488634,0.241197026,0.000260258326
15,0.238453098,0.241014097,0.000303588508
16,0.237924269,0.240820983,0.000343421561
17,0.240682333,0.240812827,0.00032269147
18,0.242378313,0.240899799,0.000316423514
19,0.242648003,0.240991809,0.000313130107
20,0.240168542,0.240950646,0.000299899721
1,0.198030138,0.198030138,0
2,0.19746912,0.197749629,0.000280508864
3,0.198320437,0.197939898,0.000249861713
4,0.19546771,0.197321851,0.000642804581
5,0.196733517,0.197204184,0.000511628888
6,0.19597655,0.196999579,0.000465159001
7,0.19542717,0.196774949,0.000452780995
8,0.196625712,0.196756294,0.000392563329
9,0.196447029,0.196721931,0.000347909467
10,0.196209309,0.196670669,0.000315373769
11,0.196969926,0.196697874,0.000286560618
12,0.197016079,0.196724391,0.000262933411
13,0.196765191,0.19672753,0.000241883922
14,0.196565923,0.196715987,0.000224238308
15,0.197495174,0.196767932,0.000215120463
16,0.195042483,0.196660092,0.000228301998
17,0.197239413,0.19669417,0.000217143078
18,0.198807859,0.196811597,0.000236011126
19,0.19773668,0.196860285,0.000228491883
20,0.197143902,0.196874466,0.000217229794
1,0.200066155,0.200066155,0
2,0.198557857,0.199312006,0.000754148978
3,0.199224705,0.199282906,0.000436379497
4,0.196251953,0.198525168,0.000818156846
5,0.197605508,0.198341236,0.000659893402
6,0.19696414,0.19811172,0.000585648176
7,0.196946395,0.197945245,0.000522209093
8,0.197704123,0.197915104,0.000453249587
9,0.197480696,0.197866837,0.000402632198
10,0.196810854,0.197761239,0.00037528809
11,0.198535412,0.197831618,0.000346679869
12,0.198294811,0.197870217,0.000318819213
13,0.197350215,0.197830217,0.000295986327
14,0.198386289,0.197869937,0.000276893698
15,0.19830309,0.197898814,0.000259386417
16,0.195946981,0.197776824,0.000271574303
17,0.198245748,0.197804408,0.00025658661
18,0.199971169,0.197924783,0.000270206947
19,0.198437748,0.197951782,0.000257012146
20,0.197818868,0.197945136,0.000243913681
1,0.164503688,0.164503688,0
2,0.165123805,0.164813746,0.000310058385
3,0.164421083,0.164682858,0.000221758972
4,0.162357831,0.164101602,0.000602036522
5,0.164203375,0.164121956,0.000466779493
6,0.162696202,0.163884331,0.000449134016
7,0.162673277,0.163711323,0.00041715505
8,0.161850229,0.163478686,0.000429690095
9,0.16358135,0.163490093,0.000379122692
10,0.162521978,0.163393282,0.000352646681
11,0.163224312,0.163377921,0.000319350573
12,0.163229581,0.163365559,0.000291787825
13,0.163550823,0.16337981,0.000268783827
14,0.16366358,0.16340008,0.000249669605
15,0.164828651,0.163495318,0.00025118495
16,0.162031436,0.163403825,0.000252146851
17,0.16357412,0.163413842,0.000237062466
18,0.165485785,0.16352895,0.000251404378
19,0.163426241,0.163523545,0.000237866169
20,0.163039847,0.16349936,0.000226951958
1,0.16515493,0.16515493,0
2,0.165609723,0.165382327,0.000227396502
3,0.165088926,0.165284527,0.000163710996
4,0.162870022,0.1646809,0.000614626018
5,0.163969852,0.164538691,0.000496872897
6,0.163622531,0.164385998,0.000433478572
7,0.163176502,0.164213212,0.000405057492
8,0.162502832,0.163999415,0.000410807825
9,0.164338664,0.164037109,0.00036425407
10,0.163463939,0.163979792,0.000330802154
11,0.164116407,0.163992212,0.000299479437
12,0.164110733,0.164002089,0.000273564427
13,0.164247328,0.164020953,0.000252348782
14,0.164370846,0.164045945,0.000234962539
15,0.165430749,0.164138266,0.000237422477
16,0.162913714,0.164061731,0.000234905904
17,0.163743766,0.164043027,0.00022144697
18,0.165961236,0.164149594,0.000234406849
19,0.164006712,0.164142074,0.000221854172
20,0.163567372,0.164113339,0.000212421876
1,0.137671385,0.137671385,0
2,0.13763657,0.137653978,1.74074676e-05
3,0.138118827,0.137808927,0.000155275265
4,0.136660928,0.137521928,0.000307285141
5,0.137392537,0.137496049,0.000239424665
6,0.137724948,0.137534199,0.000199177112
7,0.13683471,0.137434272,0.000195760612
8,0.135918009,0.137244739,0.000254291959
9,0.13634312,0.137144559,0.000245622776
10,0.136433292,0.137073433,0.000230918722
11,0.137239255,0.137088507,0.000209417125
12,0.136371964,0.137028795,0.000200279277
13,0.136618425,0.136997228,0.000186915004
14,0.136674633,0.136974186,0.000174577053
15,0.137851644,0.137032683,0.000172729425
16,0.135699985,0.13694939,0.000181779682
17,0.137041794,0.136954825,0.000170838773
18,0.138132447,0.137020249,0.000173848318
19,0.136939001,0.137015972,0.000164499636
20,0.137340179,0.137032183,0.000156897714
1,0.137750722,0.137750722,0
2,0.137905409,0.137828066,7.73432819e-05
3,0.138366154,0.138007428,0.000184837862
4,0.136819258,0.137710386,0.000324525489
5,0.137360179,0.137640344,0.000260951864
6,0.138241495,0.137740536,0.000235447716
7,0.137400059,0.137691897,0.00020484796
8,0.136157617,0.137500112,0.000261253698
9,0.136797922,0.13742209,0.000243255709
10,0.136833476,0.137363229,0.000225395967
11,0.137615582,0.13738617,0.000205164973
12,0.137164577,0.137367704,0.000188197285
13,0.137217153,0.137356123,0.000173503249
14,0.137275206,0.137350343,0.000160736745
15,0.138008329,0.137394209,0.000155934795
16,0.13619892,0.137319504,0.000163881433
17,0.137181799,0.137311403,0.00015415277
18,0.138416442,0.137372794,0.000157770693
19,0.137603665,0.137384945,0.000149730002
20,0.13750786,0.137391091,0.00014217924
1,0.116672055,0.116672055,0
2,0.116582021,0.116627038,4.50172086e-05
3,0.117078561,0.116777545,0.000152735375
4,0.116535458,0.116717024,0.000123802042
5,0.116825436,0.116738706,9.83173139e-05
6,0.116947809,0.116773557,8.75143194e-05
7,0.116210205,0.116693078,0.000109304087
8,0.115491152,0.116542837,0.000177574826
9,0.115852164,0.116466095,0.000174398329
10,0.116297363,0.116449222,0.000156896551
11,0.116671816,0.116469458,0.000143353703
12,0.116133352,0.116441449,0.000133827247
13,0.116027561,0.116409612,0.000127153522
14,0.116000438,0.116380385,0.000121295095
15,0.116910499,0.116415726,0.00011832082
16,0.115432104,0.11635425,0.000126606407
17,0.115932168,0.116329421,0.000121490087
18,0.117306013,0.116383676,0.000126741763
19,0.116167341,0.11637229,0.000120425184
20,0.116613922,0.116384372,0.000114882406
1,0.116639974,0.116639974,0
2,0.116847961,0.116743967,0.000103993596
3,0.117290205,0.116926047,0.000191722897
4,0.116690579,0.11686718,0.000147797689
5,0.116962564,0.116886257,0.000116062162
6,0.117286422,0.116952951,0.000115881014
7,0.116635197,0.116907557,0.000107945752
8,0.115781864,0.116766846,0.000168934881
9,0.116073006,0.116689752,0.0001677509
10,0.116672369,0.116688014,0.000150051036
11,0.116895037,0.116706834,0.000137024902
12,0.116942567,0.116726479,0.000126619204
13,0.116282603,0.116692334,0.000121374343
14,0.116201698,0.116657289,0.000117708883
15,0.117221111,0.116694877,0.000115848447
16,0.115841345,0.116641531,0.000120785029
17,0.116360744,0.116625014,0.000114653718
18,0.117175477,0.116655596,0.000112339128
19,0.116331682,0.116638548,0.000107621037
20,0.116832982,0.116648269,0.000102560086
1,0.0998905631,0.0998905631,0
2,0.100051443,0.0999710028,8.04397636e-05
3,0.100121375,0.100021127,6.83320423e-05
4,0.0997219564,0.0999463342,8.90425091e-05
5,0.0999467952,0.0999464264,6.89720926e-05
6,0.0999225831,0.0999424525,5.6455512e-05
7,0.099952828,0.0999439347,4.77366326e-05
8,0.0987535234,0.0997951333,0.00015443753
9,0.0996267679,0.0997764261,0.000137479822
10,0.0994117092,0.0997399544,0.000128260457
11,0.100274438,0.0997885438,0.000125780109
12,0.100116038,0.099815835,0.000118019799
13,0.100052804,0.0998340634,0.000110082121
14,0.0998057955,0.0998320443,0.000101936239
15,0.100280896,0.0998619677,9.95034829e-05
16,0.099338468,0.099829249,9.86602285e-05
17,0.0997222732,0.0998229563,9.28885403e-05
18,0.10025378,0.099846891,9.07879494e-05
19,0.0995989629,0.0998338421,8.68625213e-05
20,0.0996779753,0.0998260488,8.2772725e-05
1,0.0998554611,0.0998554611,0
2,0.100194207,0.100024834,0.000169373098
3,0.100252641,0.10010077,0.00012380886
4,0.0998230622,0.100031343,0.000111733672
5,0.100047106,0.100034495,8.6605927e-05
6,0.100194247,0.100061121,7.55598976e-05
7,0.100213279,0.100082858,6.74578727e-05
8,0.0989390747,0.0999398848,0.000154447935
9,0.0997193324,0.099915379,0.000138397162
10,0.0997629446,0.0999001356,0.000124721217
11,0.100448962,0.0999500288,0.000123355062
12,0.100523155,0.0999977893,0.000122317029
13,0.100109127,0.100006354,0.000112840787
14,0.100160611,0.100017372,0.000105049709
15,0.100512679,0.100050393,0.000103220152
16,0.0995894638,0.100021585,0.000100759632
17,0.0997816723,0.100007472,9.56935391e-05
18,0.100286141,0.100022954,9.15393991e-05
19,0.099671377,0.10000445,8.85427149e-05
20,0.099868059,0.0999976301,8.42753652e-05
1,0.31592448,0.31592448,0
2,0.321148377,0.318536429,0.00261194854
3,0.32706809,0.321380316,0.00321897291
4,0.358795108,0.330734014,0.00962665892
5,0.337288769,0.332044965,0.00757113796
6,0.31792608,0.329691818,0.00661453373
7,0.314468966,0.327517124,0.00599839637
8,0.322398563,0.326877304,0.00523401749
9,0.30742324,0.324715742,0.00509701168
10,0.300419593,0.322286127,0.00516591238
11,0.339553971,0.323855931,0.00492938304
12,0.317703474,0.323343226,0.00452900435
13,0.343519088,0.324895215,0.00444577075
14,0.347511173,0.326510641,0.0044216426
15,0.329297567,0.326696436,0.00412051615
16,0.309366315,0.325613304,0.00400368553
17,0.313944734,0.324926917,0.00382293094
18,0.327854589,0.325089565,0.00360796185
19,0.329928675,0.325344255,0.00342228056
20,0.337532779,0.325953682,0.00330336254
1,0.28324917,0.28324917,0
2,0.253000036,0.268124603,0.0151245669
3,0.275645696,0.270631634,0.00908493505
4,0.272336407,0.271057827,0.00643814128
5,0.242972284,0.265440719,0.00751143845
6,0.243271401,0.261745832,0.00716007376
7,0.233715273,0.257741467,0.00725630651
8,0.255297951,0.257436027,0.0062915643
9,0.248264303,0.256416947,0.00564144578
10,0.258011786,0.256576431,0.00504838227
11,0.269329027,0.257735758,0.00471130072
12,0.244475685,0.256630752,0.00444049551
13,0.260659245,0.256940636,0.00409639964
14,0.240409994,0.255759876,0.00397208655
15,0.271149351,0.256785841,0.00383750086
16,0.275720022,0.257969227,0.00377968444
17,0.269700281,0.258659289,0.00361683459
18,0.224765311,0.25677629,0.00389534052
19,0.26496041,0.257207033,0.00370971538
20,0.222763102,0.255484837,0.00391813097
1,0.437772764,0.437772764,0
2,0.440917007,0.439344886,0.00157212106
3,0.439832139,0.439507303,0.000922081565
4,0.440453802,0.439743928,0.00069361985
5,0.432632529,0.438321648,0.00152037653
6,0.441751407,0.438893275,0.00136666994
7,0.443285349,0.439520714,0.00131446312
8,0.432427989,0.438634123,0.00144288009
9,0.433271987,0.43803833,0.0014050719
10,0.437392821,0.437973779,0.00125839122
11,0.441347554,0.438280486,0.00117885522
12,0.437052233,0.438178132,0.00108099929
13,0.435089972,0.437940581,0.00102235583
14,0.437588535,0.437915435,0.000946851542
15,0.44361154,0.438295175,0.000959788266
16,0.434669339,0.438068561,0.000925958195
17,0.439678743,0.438163277,0.000874928225
18,0.436986355,0.438097893,0.000827477523
19,0.439721671,0.438183355,0.000787367206
20,0.43722587,0.43813548,0.00074849472
1,0.518046693,0.518046693,0
2,0.509474874,0.513760783,0.00428590946
3,0.502963676,0.510161748,0.00436761532
4,0.532975852,0.515865274,0.00648600361
5,0.51603727,0.515899673,0.00502415456
6,0.510979225,0.515079598,0.00418337284
7,0.507321295,0.513971269,0.00370524327
8,0.509764296,0.513445398,0.00325163986
9,0.511887237,0.513272269,0.00287289817
10,0.499520965,0.511897138,0.00291441566
11,0.519779098,0.51261368,0.00273183457
12,0.51600563,0.512896343,0.00250978051
13,0.503208742,0.512151143,0.00242595231
14,0.51425075,0.512301115,0.00225099688
15,0.509286605,0.512100147,0.00210517851
16,0.518330036,0.512489515,0.00200733952
17,0.507461148,0.512193729,0.00190862595
18,0.516340827,0.512424123,0.00181415907
19,0.504522857,0.512008267,0.00176569255
20,0.499493032,0.511382505,0.00178815014
1,0.417033018,0.417033018,0
2,0.423679562,0.42035629,0.00332327208
3,0.42161156,0.420774713,0.0019637865
4,0.425150234,0.421868593,0.00176771104
5,0.417644095,0.421023694,0.00160895515
6,0.417781375,0.420483307,0.00142050764
7,0.41807102,0.420138695,0.001249029
8,0.417989837,0.419870088,0.00111454248
9,0.424528697,0.420387711,0.00111089748
10,0.418276004,0.42017654,0.00101580886
11,0.422501005,0.420387855,0.000942819896
12,0.416609499,0.420072992,0.00091645868
13,0.416183222,0.419773779,0.000894544659
14,0.417662681,0.419622986,0.000841803337
15,0.423259667,0.419865432,0.000820322033
16,0.419870077,0.419865722,0.000767341053
17,0.422227512,0.420004651,0.000734058227
18,0.41934832,0.419968188,0.000693036611
19,0.417758893,0.419851909,0.0006657797
20,0.419804076,0.419849518,0.00063161861
1,0.446122892,0.446122892,0
2,0.443015129,0.44456901,0.00155388125
3,0.436810944,0.441982988,0.00273721763
4,0.435121803,0.440267692,0.00258619832
5,0.438123056,0.439838765,0.0020486658
6,0.440213054,0.439901146,0.00167389142
7,0.444817679,0.440603508,0.00157945505
8,0.438873134,0.440387211,0.00138484402
9,0.44059672,0.44041049,0.00122153946
10,0.444366656,0.440806107,0.00116199803
11,0.438848535,0.440628146,0.00106602603
12,0.438993553,0.44049193,0.000982631359
13,0.434167026,0.440005399,0.00102651276
14,0.440516365,0.440041896,0.00095106671
15,0.447358535,0.440529672,0.00101086573
16,0.437388376,0.440333341,0.000965745415
17,0.434915816,0.440014663,0.000961506442
18,0.44219852,0.440135989,0.000914599835
19,0.442039036,0.440236149,0.0008709036
20,0.448661832,0.440657433,0.000927419066
1,0.355454108,0.355454108,0
2,0.358483481,0.356968794,0.0015146869
3,0.359142217,0.357693269,0.00113561518
4,0.357415731,0.357623884,0.000805993245
5,0.358931761,0.35788546,0.000676902261
6,0.357894848,0.357887024,0.000552690596
7,0.354696077,0.357431175,0.000652678744
8,0.364144142,0.358270296,0.00101173915
9,0.360331605,0.35849933,0.000921196286
10,0.35985535,0.358634932,0.000835026927
11,0.360874435,0.358838523,0.000782267857
12,0.359270668,0.358874535,0.00071501704
13,0.357565121,0.358773811,0.000665387842
14,0.353306235,0.35838327,0.000729393333
15,0.357561553,0.358328489,0.000681234409
16,0.361710974,0.358539894,0.000671388481
17,0.356921073,0.358444669,0.000637808249
18,0.356562487,0.358340104,0.000610355155
19,0.356769539,0.358257442,0.000583225739
20,0.354651656,0.358077153,0.000581928927
1,0.360424305,0.360424305,0
2,0.363041709,0.361733007,0.001308702
3,0.364356292,0.362607435,0.00115564925
4,0.366264681,0.363521747,0.00122626577
5,0.369729387,0.364763275,0.00156321091
6,0.361945531,0.364293651,0.00136001187
7,0.363060962,0.364117552,0.00116283127
8,0.36517946,0.364250291,0.0010157519
9,0.366360646,0.364484775,0.000925989441
10,0.364024371,0.364438734,0.000829508814
11,0.363807357,0.364381336,0.000752511168
12,0.363090589,0.364273774,0.000695315653
13,0.365514382,0.364369205,0.000646677629
14,0.361830376,0.364187861,0.000625568735
15,0.364227935,0.364190532,0.000582378926
16,0.360142273,0.363937516,0.000600655265
17,0.36485189,0.363991303,0.000566775314
18,0.363112681,0.36394249,0.00053658569
19,0.365698701,0.364034923,0.000515907058
20,0.362330075,0.36394968,0.00049680011
1,0.29416328,0.29416328,0
2,0.29617987,0.295171575,0.00100829465
3,0.293719808,0.294687653,0.000757011805
4,0.293062085,0.294281261,0.00067207726
5,0.294845525,0.294394114,0.000532680463
6,0.294148386,0.294353159,0.000436855728
7,0.293291874,0.294201547,0.000399127302
8,0.292326557,0.293967173,0.000417621844
9,0.294851227,0.294065401,0.000381181643
10,0.293183526,0.293977214,0.000352159913
11,0.293154292,0.293902403,0.000327207611
12,0.294968023,0.293991204,0.000311619032
13,0.296322467,0.294170532,0.000338120478
14,0.293478513,0.294121102,0.000316917287
15,0.294490368,0.29414572,0.000296059209
16,0.294675682,0.294178843,0.00027891178
17,0.29484064,0.294217772,0.000264868449
18,0.293438747,0.294174493,0.000253442987
19,0.291776318,0.294048273,0.000270930546
20,0.295019168,0.294096818,0.000261571437
1,0.29683737,0.29683737,0
2,0.294818359,0.295827865,0.00100950559
3,0.293986638,0.295214122,0.000846392342
4,0.296136438,0.295444701,0.000641370854
5,0.296247585,0.295605278,0.000522109961
6,0.29742041,0.2959078,0.000522735216
7,0.296735656,0.296026065,0.000457347485
8,0.297929289,0.296263968,0.000462031267
9,0.295500436,0.296179131,0.000416211199
10,0.293685997,0.295929818,0.000448043097
11,0.297665042,0.296087565,0.000434888824
12,0.297243864,0.296183924,0.000408523948
13,0.294341848,0.296042226,0.000401614867
14,0.29593989,0.296034916,0.00037189496
15,0.296789639,0.296085231,0.000349852348
16,0.293098673,0.295898571,0.000376747923
17,0.293802416,0.295775268,0.000374758551
18,0.295955691,0.295785291,0.0003534679
19,0.296281667,0.295811416,0.000335366279
20,0.295903788,0.295816035,0.000318189909
1,0.241060531,0.241060531,0
2,0.241287509,0.24117402,0.000113488692
3,0.239089236,0.240479092,0.000698010144
4,0.238687441,0.240031179,0.000666509543
5,0.237873462,0.239599636,0.0006728824
6,0.237719835,0.239286336,0.000632458771
7,0.239251003,0.239281288,0.000534549053
8,0.241013973,0.239497874,0.000511093293
9,0.238006552,0.239332171,0.000480234899
10,0.241001774,0.239499132,0.000460842905
11,0.24249628,0.2397716,0.000497997171
12,0.238240998,0.23964405,0.000472161729
13,0.239480823,0.239631494,0.000434507072
14,0.238772452,0.239570133,0.000406928185
15,0.24122691,0.239680585,0.000394602842
16,0.238140253,0.239584314,0.000381464996
17,0.240624195,0.239645484,0.000363507592
18,0.240770495,0.239707985,0.000348370669
19,0.239863745,0.239716182,0.000329627622
20,0.236635102,0.239562128,0.000348599436
1,0.240738918,0.240738918,0
2,0.240511474,0.240625196,0.000113722126
3,0.241398814,0.240883069,0.000266099992
4,0.241108889,0.240939524,0.000196447855
5,0.239521004,0.24065582,0.000321936283
6,0.242472728,0.240958638,0.00040099135
7,0.24145467,0.2410295,0.000346228666
8,0.24265922,0.241233215,0.000362499031
9,0.240531926,0.241155294,0.000329053175
10,0.241193079,0.241159072,0.000294338362
11,0.240803977,0.241126791,0.000268188977
12,0.239967876,0.241030215,0.000263181973
13,0.242240384,0.241123305,0.000259373047
14,0.240888974,0.241106567,0.000240715413
15,0.241353304,0.241123016,0.000224696752
16,0.240623696,0.241091808,0.000212488731
17,0.239582529,0.241003027,0.000218452784
18,0.23840679,0.240858792,0.000251441975
19,0.240250633,0.240826783,0.000239984462
20,0.241031928,0.240837041,0.000227900195
1,0.196431014,0.196431014,0
2,0.196469546,0.19645028,1.92661121e-05
3,0.196266615,0.196389058,6.22238835e-05
4,0.19685566,0.196505709,0.000124672389
5,0.197901171,0.196784801,0.000295327895
6,0.197850872,0.19696248,0.000299525198
7,0.196093215,0.196838299,0.000281963143
8,0.196241817,0.196763739,0.000255316727
9,0.196353276,0.196718132,0.000229740522
10,0.19648207,0.196694526,0.000206837657
11,0.197028439,0.196724881,0.00018953833
12,0.195689647,0.196638612,0.000193338417
13,0.195941794,0.196585011,0.000185747471
14,0.197741678,0.19666763,0.000190785639
15,0.198439714,0.196785769,0.000213313735
16,0.195824859,0.196725712,0.000208378817
17,0.197206694,0.196754005,0.000197772068
18,0.195289482,0.196672642,0.000203439545
19,0.195059328,0.196587731,0.000210335402
20,0.197623603,0.196639525,0.000206153972
1,0.196416495,0.196416495,0
2,0.199474734,0.197945614,0.00152911942
3,0.196776951,0.19755606,0.000964963631
4,0.199019965,0.197922036,0.00077428419
5,0.197862831,0.197910195,0.000599874832
6,0.197304614,0.197809265,0.000500086751
7,0.197376861,0.197747493,0.000427140704
8,0.196152395,0.197548106,0.00042022871
9,0.196676296,0.197451238,0.000383057196
10,0.196479422,0.197354056,0.00035613271
11,0.197618556,0.197378102,0.000323030332
12,0.19787115,0.197419189,0.000297733658
13,0.198902031,0.197533254,0.000296678882
14,0.196596389,0.197466335,0.000282705586
15,0.196528889,0.197403839,0.000270503096
16,0.196895137,0.197372045,0.000255022122
17,0.198511836,0.197439091,0.000248757305
18,0.196864155,0.19740715,0.00023669567
19,0.197086995,0.1973903,0.000224524878
20,0.199643601,0.197502965,0.000240964084
1,0.163272812,0.163272812,0
2,0.162609809,0.162941311,0.000331501252
3,0.162088801,0.162657141,0.000342612723
4,0.162466118,0.162609385,0.000246925818
5,0.163643086,0.162816125,0.000281646718
6,0.162201912,0.162713756,0.000251719343
7,0.163767712,0.162864321,0.000260631648
8,0.164226625,0.163034609,0.000282744844
9,0.161201925,0.162830978,0.000321939441
10,0.162640163,0.162811896,0.000288582926
11,0.161851139,0.162724555,0.000275257727
12,0.16285102,0.162735094,0.000251495686
13,0.162405698,0.162709755,0.000232725845
14,0.164854619,0.16286296,0.000264377789
15,0.162379632,0.162830738,0.000248222576
16,0.163938976,0.162900003,0.000242302004
17,0.161439111,0.162814068,0.000243285778
18,0.163815411,0.162869698,0.000236021705
19,0.162890795,0.162870809,0.000223256944
20,0.163551127,0.162904825,0.000214514286
1,0.164495542,0.164495542,0
2,0.162851837,0.163673689,0.000821852531
3,0.163921832,0.163756404,0.000481652199
4,0.163477572,0.163686696,0.00034764007
5,0.163722969,0.16369395,0.000269378548
6,0.16382721,0.16371616,0.000221065184
7,0.16433138,0.163804049,0.000206473734
8,0.163645751,0.163784261,0.000179902992
9,0.16192985,0.163578216,0.000260053226
10,0.164699762,0.16369037,0.000258226279
11,0.162940182,0.163622171,0.000243327195
12,0.163871052,0.163642912,0.000223092474
13,0.163197044,0.163608614,0.000208061545
14,0.163019436,0.16356653,0.000197171122
15,0.164873177,0.16365364,0.00020317737
16,0.163550452,0.163647191,0.000190164417
17,0.163245293,0.163623549,0.000180185993
18,0.16318285,0.163599066,0.000171636185
19,0.164536411,0.1636484,0.000169681677
20,0.164065822,0.163669271,0.000162321552
1,0.136545269,0.136545269,0
2,0.137161957,0.136853613,0.000308343928
3,0.136314298,0.136673841,0.000253001532
4,0.136510748,0.136633068,0.000183486639
5,0.136731237,0.136652702,0.000143477858
6,0.136266209,0.136588286,0.000133691017
7,0.135947008,0.136496675,0.000145462184
8,0.136970544,0.136555909,0.000139205089
9,0.136534012,0.136553476,0.000122791454
10,0.13604414,0.136502542,0.000121063705
11,0.136050629,0.136461459,0.000116959108
12,0.136381055,0.136454759,0.000106978608
13,0.136816594,0.136482592,0.000102266539
14,0.13732878,0.136543034,0.000112328139
15,0.136977996,0.136572032,0.000108517804
16,0.137002024,0.136598906,0.000105006374
17,0.136277113,0.136579977,0.0001004362
18,0.137089129,0.136608263,9.88266923e-05
19,0.137595883,0.136660243,0.000106960545
20,0.138137461,0.136734104,0.000125506712
1,0.137567117,0.137567117,0
2,0.137032243,0.13729968,0.000267437394
3,0.137346641,0.137315334,0.000155196519
4,0.136893075,0.137209769,0.00015227233
5,0.136911469,0.137150109,0.000132179596
6,0.137430092,0.137196773,0.000117580354
7,0.138107765,0.137326915,0.000163743636
8,0.136423836,0.13721403,0.000181251121
9,0.137604333,0.137257397,0.000165626791
10,0.138333736,0.137365031,0.000183114326
11,0.138829907,0.137498201,0.000212529364
12,0.136903079,0.137448608,0.000200250158
13,0.137014735,0.137415233,0.000187202445
14,0.137170859,0.137397778,0.000174192562
15,0.136145746,0.137314309,0.000182385147
16,0.136573303,0.137267996,0.000176780033
17,0.137182556,0.13726297,0.000166131966
18,0.137886763,0.137297625,0.000160418702
19,0.13714973,0.137289841,0.000151940419
20,0.137282976,0.137289498,0.000144143747
1,0.116557888,0.116557888,0
2,0.115599979,0.116078933,0.000478954329
3,0.115729018,0.115962295,0.000300117141
4,0.115432132,0.115829754,0.000250204284
5,0.116114574,0.115886718,0.00020200545
6,0.116563293,0.115999481,0.000199798694
7,0.115932494,0.115989911,0.000169131657
8,0.115791987,0.11596517,0.000148547071
9,0.116320409,0.116004641,0.000136823163
10,0.1158961,0.115993787,0.000122858763
11,0.115818228,0.115977827,0.000112270128
12,0.116727949,0.116040337,0.000120047232
13,0.116796413,0.116098497,0.000124806869
14,0.115658965,0.116067102,0.000119737885
15,0.115042155,0.115998772,0.000130745925
16,0.116744372,0.116045372,0.000130878744
17,0.115982215,0.116041657,0.000122995294
18,0.115751463,0.116025535,0.000117076409
19,0.115064893,0.115974975,0.000121738993
20,0.117168686,0.116034661,0.000130002723
1,0.116685119,0.116685119,0
2,0.116950501,0.11681781,0.000132691325
3,0.117823641,0.117153087,0.000343918195
4,0.116346373,0.116951409,0.000315933723
5,0.11641162,0.116843451,0.000267475839
6,0.116908502,0.116854293,0.00021866206
7,0.116142527,0.116752612,0.000210929353
8,0.117818708,0.116885874,0.000226113125
9,0.116038186,0.116791686,0.000220537658
10,0.116763107,0.116788828,0.00019727558
11,0.117143601,0.11682108,0.000181333697
12,0.116815664,0.116820629,0.000165534876
13,0.116700143,0.116811361,0.000152551738
14,0.116790742,0.116809888,0.000141243145
15,0.116592291,0.116795382,0.000132287992
16,0.116930568,0.116803831,0.000124032199
17,0.117319752,0.116834179,0.000120395699
18,0.116511862,0.116816273,0.000114913869
19,0.11705102,0.116828628,0.00010939756
20,0.116802937,0.116827343,0.000103791587
1,0.100254304,0.100254304,0
2,0.0996604509,0.0999573775,0.000296926604
3,0.0987407308,0.0995518286,0.000440293511
4,0.0997715396,0.0996067564,0.000316142761
5,0.0990122036,0.0994878458,0.00027222687
6,0.0995593867,0.0994997693,0.000222591888
7,0.100214891,0.0996019296,0.000214073685
8,0.0998366882,0.0996312744,0.000187701294
9,0.0989581439,0.0995564821,0.000181649049
10,0.0991114012,0.099511974,0.000168457922
11,0.0989070759,0.0994569833,0.000161995072
12,0.100106264,0.09951109,0.000157468112
13,0.0996657784,0.0995229891,0.000145337518
14,0.100290699,0.0995778255,0.000145301251
15,0.0996804356,0.0995846662,0.000135440963
16,0.0988781203,0.0995405071,0.00013416874
17,0.0994368867,0.0995344118,0.000126176897
18,0.0996955272,0.0995433626,0.000119296985
19,0.0994742213,0.0995397236,0.000112902312
20,0.0992153739,0.0995235061,0.000108329339
1,0.0988744704,0.0988744704,0
2,0.100121478,0.0994979744,0.000623503963
3,0.0996330814,0.0995430101,0.000362786361
4,0.100443278,0.099768077,0.000341265458
5,0.100237742,0.0998620099,0.000280536375
6,0.0992750643,0.0997641857,0.00024907166
7,0.10023353,0.0998312348,0.000220924218
8,0.100349559,0.0998960253,0.000201998625
9,0.0995442422,0.0998569383,0.000182383681
10,0.100157578,0.0998870023,0.00016587612
11,0.0996787818,0.0998680731,0.000151229933
12,0.0999571925,0.0998754997,0.000138253023
13,0.0997539388,0.0998661489,0.000127517594
14,0.0994754983,0.0998382453,0.000121311112
15,0.10005204,0.0998524983,0.000113830351
16,0.0998645137,0.0998532492,0.000106481191
17,0.0995912149,0.0998378355,0.00010120236
18,0.0991574461,0.0998000361,0.000102629051
19,0.0994268538,0.0997803949,9.90443845e-05
20,0.0996931727,0.0997760338,9.40629063e-05
