1,78.3931,78.3931,0
2,76.9534,77.6733,0.719846
3,77.0183,77.455,0.469465
4,77.1412,77.3765,0.341103
5,75.7416,77.0495,0.420396
6,79.8853,77.5222,0.584123
7,81.9314,78.152,0.800295
8,80.2954,78.42,0.743059
9,76.3799,78.1933,0.693412
10,79.273,78.3013,0.629535
11,75.5981,78.0555,0.6202
12,79.8614,78.206,0.585822
13,81.3059,78.4445,0.589279
14,81.4414,78.6585,0.58606
15,73.7234,78.3295,0.637116
16,78.8161,78.3599,0.596743
17,76.4056,78.245,0.57221
18,75.6805,78.1025,0.557979
19,77.6452,78.0784,0.528344
20,80.5897,78.204,0.51672
1,93.6608,93.6608,0
2,88.6826,91.1717,2.48908
3,92.4189,91.5874,1.496
4,89.3244,91.0217,1.19962
5,90.7103,90.9594,0.931309
6,90.1329,90.8217,0.772786
7,91.0702,90.8572,0.654088
8,89.8453,90.7307,0.580406
9,88.6543,90.5,0.561458
10,91.049,90.5549,0.505176
11,92.6054,90.7413,0.49351
12,91.1639,90.7765,0.451885
13,92.8666,90.9373,0.445683
14,92.2051,91.0278,0.422442
15,89.7486,90.9426,0.402413
16,90.8213,90.935,0.376499
17,90.968,90.9369,0.353665
18,88.3094,90.791,0.36399
19,88.6585,90.6787,0.362132
20,91.8629,90.7379,0.348613
1,19.3158,19.3158,0
2,18.604,18.9599,0.355937
3,19.0325,18.9841,0.206922
4,19.2465,19.0497,0.160343
5,19.0812,19.056,0.124361
6,19.0795,19.0599,0.101616
7,19.461,19.1172,0.103238
8,18.4103,19.0288,0.125704
9,20.2433,19.1638,0.174637
10,18.6001,19.1074,0.16606
11,18.0019,19.0069,0.180726
12,19.1503,19.0189,0.165412
13,18.4366,18.9741,0.158613
14,19.0842,18.9819,0.147058
15,20.2032,19.0634,0.159284
16,19.2433,19.0746,0.14942
17,18.1639,19.021,0.150232
18,19.7213,19.0599,0.146886
19,19.0343,19.0586,0.138947
20,19.8502,19.0982,0.13763
1,24.3059,24.3059,0
2,24.4351,24.3705,0.0645963
3,24.7405,24.4938,0.128862
4,25.7178,24.7998,0.319273
5,23.3001,24.4999,0.388758
6,23.9469,24.4077,0.33053
7,25.4617,24.5583,0.317341
8,23.5639,24.434,0.301624
9,24.2156,24.4097,0.267112
10,23.9201,24.3608,0.243878
11,23.3313,24.2672,0.239628
12,24.6953,24.3028,0.22164
13,23.4699,24.2388,0.213709
14,23.8624,24.2119,0.199674
15,25.3018,24.2845,0.199583
16,24.9104,24.3237,0.190747
17,23.755,24.2902,0.182271
18,24.6072,24.3078,0.172747
19,25.5128,24.3712,0.175278
20,25.146,24.41,0.170735
1,7.33445,7.33445,0
2,7.46328,7.39886,0.0644112
3,7.27838,7.3587,0.0547343
4,7.27348,7.3374,0.0441802
5,7.45895,7.36171,0.0419774
6,7.1237,7.32204,0.0524245
7,7.27359,7.31512,0.0448441
8,7.50173,7.33844,0.0453031
9,7.55928,7.36298,0.0468868
10,7.51287,7.37797,0.0445349
11,7.45114,7.38462,0.0408288
12,7.2853,7.37634,0.0381795
13,7.55621,7.39018,0.0377472
14,7.6036,7.40542,0.0381274
15,7.15114,7.38847,0.0393351
16,7.31125,7.38365,0.0371098
17,7.3405,7.38111,0.0349508
18,7.4766,7.38641,0.0333762
19,7.56207,7.39566,0.0328965
20,7.30879,7.39131,0.0315091
1,8.24875,8.24875,0
2,8.30483,8.27679,0.0280424
3,8.0456,8.19973,0.0787456
4,8.26091,8.21502,0.0577444
5,8.18714,8.20945,0.0450749
6,7.80075,8.14133,0.0774224
7,7.96979,8.11682,0.0698723
8,8.24052,8.13229,0.0624553
9,8.25612,8.14605,0.0567729
10,8.52474,8.18391,0.0633451
11,8.30206,8.19465,0.0582957
12,8.18889,8.19417,0.0532186
13,8.26433,8.19957,0.0492506
14,8.49194,8.22045,0.0501521
15,7.88291,8.19795,0.0518292
16,7.9025,8.17949,0.0518793
17,8.15483,8.17804,0.0487537
18,8.30958,8.18534,0.0465427
19,8.30092,8.19143,0.0444433
20,7.96477,8.18009,0.0436591
1,3.99342,3.99342,0
2,3.97918,3.9863,0.00711616
3,4.00096,3.99119,0.00638394
4,4.00546,3.99475,0.00575359
5,4.02856,4.00152,0.0080988
6,4.00233,4.00165,0.00661403
7,3.97714,3.99815,0.00659619
8,3.83385,3.97761,0.0213165
9,4.01824,3.98213,0.0193338
10,3.91623,3.97554,0.0185056
11,3.99701,3.97749,0.0168524
12,3.94444,3.97473,0.0156287
13,4.04732,3.98032,0.0154226
14,4.02756,3.98369,0.0146718
15,3.94325,3.981,0.0139222
16,3.96413,3.97994,0.0130656
17,3.93135,3.97708,0.0126014
18,4.0514,3.98121,0.0125777
19,3.97879,3.98109,0.011898
20,3.9715,3.98061,0.0112976
1,4.21823,4.21823,0
2,4.23518,4.2267,0.00847392
3,4.1933,4.21557,0.0121613
4,4.24382,4.22263,0.0111273
5,4.23564,4.22523,0.0090035
6,4.17241,4.21643,0.0114691
7,4.15523,4.20769,0.0130534
8,4.07627,4.19126,0.0199417
9,4.21813,4.19425,0.0178384
10,4.20005,4.19483,0.0159657
11,4.27532,4.20214,0.0161896
12,4.11274,4.19469,0.0165508
13,4.21897,4.19656,0.0153386
14,4.28927,4.20318,0.0156689
15,4.15883,4.20023,0.0148837
16,4.17465,4.19863,0.0140138
17,4.15717,4.19619,0.0133877
18,4.26942,4.20026,0.0132616
19,4.19574,4.20002,0.0125465
20,4.18074,4.19906,0.0119416
1,2.51638,2.51638,0
2,2.49146,2.50392,0.0124592
3,2.5808,2.52954,0.0266171
4,2.51306,2.52542,0.0192669
5,2.58221,2.53678,0.0187544
6,2.55422,2.53969,0.0155862
7,2.5364,2.53922,0.0131811
8,2.48548,2.5325,0.0132447
9,2.55364,2.53485,0.0119146
10,2.57301,2.53867,0.0113195
11,2.51963,2.53694,0.0103841
12,2.50508,2.53428,0.0098441
13,2.51518,2.53281,0.00917364
14,2.57809,2.53605,0.00908798
15,2.50452,2.53394,0.00871764
16,2.56677,2.536,0.00840866
17,2.47883,2.53263,0.00858456
18,2.56513,2.53444,0.00829254
19,2.52605,2.534,0.00785637
20,2.53415,2.534,0.00745321
1,2.60332,2.60332,0
2,2.60554,2.60443,0.001112
3,2.65755,2.62214,0.0177178
4,2.57825,2.61117,0.016653
5,2.64373,2.61768,0.0144502
6,2.63051,2.61982,0.0119907
7,2.59299,2.61598,0.0108345
8,2.56245,2.60929,0.011525
9,2.64374,2.61312,0.0108611
10,2.65347,2.61715,0.0105192
11,2.61028,2.61653,0.00953544
12,2.58211,2.61366,0.00916513
13,2.59759,2.61242,0.00852087
14,2.63289,2.61389,0.00802311
15,2.57088,2.61102,0.00800045
16,2.60052,2.61036,0.00751245
17,2.56006,2.6074,0.00765194
18,2.66612,2.61067,0.00791755
19,2.6024,2.61023,0.0075019
20,2.62574,2.61101,0.00715905
1,1.80491,1.80491,0
2,1.76181,1.78336,0.0215488
3,1.80681,1.79117,0.0146932
4,1.79831,1.79296,0.0105418
5,1.82494,1.79936,0.010373
6,1.80886,1.80094,0.00861636
7,1.80259,1.80118,0.00728599
8,1.7743,1.79782,0.0071487
9,1.81206,1.7994,0.00650011
10,1.78602,1.79806,0.00596584
11,1.81159,1.79929,0.00553468
12,1.80757,1.79998,0.00509932
13,1.79702,1.79975,0.00469622
14,1.85005,1.80334,0.00564013
15,1.78339,1.80201,0.00541657
16,1.80961,1.80249,0.00508894
17,1.77534,1.80089,0.00503999
18,1.79856,1.80076,0.00475352
19,1.78881,1.80013,0.00454016
20,1.80237,1.80025,0.00430863
1,1.83435,1.83435,0
2,1.80521,1.81978,0.0145707
3,1.85076,1.8301,0.013321
4,1.8442,1.83363,0.0100572
5,1.85167,1.83724,0.00858525
6,1.83892,1.83752,0.00701547
7,1.83132,1.83663,0.00599498
8,1.81288,1.83366,0.00598089
9,1.83564,1.83388,0.00527921
10,1.8166,1.83215,0.00502818
11,1.84698,1.8335,0.0047436
12,1.83766,1.83385,0.0043441
13,1.83522,1.83395,0.00399739
14,1.87688,1.83702,0.00480616
15,1.80798,1.83508,0.00487525
16,1.82913,1.83471,0.00457554
17,1.82086,1.8339,0.00437447
18,1.83428,1.83392,0.00412435
19,1.82634,1.83352,0.00392155
20,1.83131,1.83341,0.00372195
1,1.37665,1.37665,0
2,1.33351,1.35508,0.0215698
3,1.36828,1.35948,0.0132069
4,1.35288,1.35783,0.00948327
5,1.3849,1.36325,0.00912546
6,1.38576,1.367,0.00834249
7,1.3542,1.36517,0.00728388
8,1.35078,1.36337,0.00655932
9,1.35933,1.36292,0.00580217
10,1.355,1.36213,0.00524977
11,1.37194,1.36302,0.00483156
12,1.34707,1.36169,0.00460669
13,1.3673,1.36212,0.00425946
14,1.38725,1.36392,0.00433263
15,1.36478,1.36398,0.00403386
16,1.35963,1.3637,0.00378312
17,1.3598,1.36347,0.00356103
18,1.36939,1.3638,0.00337342
19,1.34275,1.3627,0.00337779
20,1.37061,1.36309,0.0032288
1,1.39401,1.39401,0
2,1.35679,1.3754,0.018608
3,1.38791,1.37957,0.0115241
4,1.37551,1.37855,0.00821151
5,1.40331,1.3835,0.00806006
6,1.40842,1.38766,0.00778134
7,1.36148,1.38392,0.00756497
8,1.36647,1.38174,0.00690492
9,1.37724,1.38124,0.00610999
10,1.37405,1.38052,0.005512
11,1.39272,1.38163,0.00510768
12,1.36502,1.38024,0.00486368
13,1.38805,1.38085,0.00451406
14,1.40164,1.38233,0.00443531
15,1.37215,1.38165,0.00418446
16,1.37548,1.38127,0.0039332
17,1.37835,1.38109,0.00369856
18,1.39171,1.38168,0.00353651
19,1.37018,1.38108,0.00339952
20,1.38448,1.38125,0.00322955
1,1.09623,1.09623,0
2,1.06516,1.08069,0.0155364
3,1.08542,1.08227,0.00910755
4,1.06854,1.07884,0.0072971
5,1.097,1.08247,0.00671891
6,1.10658,1.08649,0.0068003
7,1.0776,1.08522,0.00588586
8,1.07532,1.08398,0.00524531
9,1.07607,1.0831,0.00470864
10,1.08139,1.08293,0.00421502
11,1.09027,1.0836,0.00387051
12,1.07915,1.08323,0.00355264
13,1.08316,1.08322,0.00326795
14,1.09752,1.08425,0.00319318
15,1.09082,1.08468,0.00300482
16,1.0874,1.08485,0.00281589
17,1.07979,1.08456,0.00266176
18,1.09472,1.08512,0.00257223
19,1.07334,1.0845,0.00251086
20,1.08102,1.08433,0.00238834
1,1.1098,1.1098,0
2,1.08002,1.09491,0.0148875
3,1.0992,1.09634,0.00871337
4,1.08166,1.09267,0.00717152
5,1.10391,1.09492,0.00599312
6,1.11638,1.09849,0.00606114
7,1.08432,1.09647,0.00550824
8,1.08432,1.09495,0.00500627
9,1.08557,1.09391,0.00453639
10,1.09215,1.09373,0.00406128
11,1.10017,1.09432,0.00371993
12,1.0871,1.09372,0.00344864
13,1.09211,1.09359,0.00317468
14,1.10776,1.09461,0.00310858
15,1.09252,1.09447,0.00289726
16,1.09486,1.09449,0.00271025
17,1.09301,1.0944,0.00254733
18,1.10537,1.09501,0.00247775
19,1.08556,1.09452,0.00239594
20,1.09191,1.09439,0.00227672
1,0.901255,0.901255,0
2,0.884339,0.892797,0.00845792
3,0.892014,0.892536,0.00489015
4,0.883945,0.890388,0.00407053
5,0.900265,0.892364,0.00372072
6,0.90957,0.895231,0.00417767
7,0.884573,0.893709,0.00384509
8,0.882005,0.892246,0.00363715
9,0.889238,0.891912,0.00322503
10,0.890194,0.89174,0.00288967
11,0.898154,0.892323,0.00267805
12,0.885136,0.891724,0.002517
13,0.892309,0.891769,0.00231574
14,0.904036,0.892645,0.00231609
15,0.894353,0.892759,0.00215917
16,0.884045,0.892214,0.00209186
17,0.893098,0.892266,0.00196565
18,0.900381,0.892717,0.00190727
19,0.880631,0.892081,0.00191296
20,0.898007,0.892377,0.00183882
1,0.904466,0.904466,0
2,0.890846,0.897656,0.00681008
3,0.903448,0.899587,0.00438017
4,0.889772,0.897133,0.00395141
5,0.902748,0.898256,0.0032603
6,0.916627,0.901318,0.00405718
7,0.892,0.899987,0.00367825
8,0.887988,0.898487,0.00352088
9,0.893572,0.897941,0.00315279
10,0.895035,0.89765,0.00283487
11,0.905038,0.898322,0.00265074
12,0.891501,0.897753,0.00248565
13,0.895912,0.897612,0.00229085
14,0.908653,0.8984,0.00226279
15,0.898965,0.898438,0.00210688
16,0.888717,0.89783,0.00206233
17,0.900722,0.898001,0.00194467
18,0.908491,0.898583,0.00192385
19,0.888497,0.898053,0.00189564
20,0.900429,0.898171,0.00180228
1,0.758932,0.758932,0
2,0.746617,0.752775,0.00615767
3,0.751356,0.752302,0.00358645
4,0.747891,0.751199,0.0027654
5,0.761179,0.753195,0.00292785
6,0.763736,0.754952,0.0029667
7,0.749427,0.754163,0.00262859
8,0.750061,0.75365,0.00233345
9,0.751004,0.753356,0.00207881
10,0.751928,0.753213,0.00186482
11,0.757779,0.753628,0.00173711
12,0.748541,0.753204,0.00164145
13,0.753143,0.753199,0.00150993
14,0.761062,0.753761,0.00150651
15,0.756769,0.753962,0.00141675
16,0.750642,0.753754,0.00134139
17,0.754866,0.75382,0.00126172
18,0.760639,0.754198,0.00124844
19,0.751374,0.75405,0.00119022
20,0.758745,0.754285,0.00115329
1,0.763367,0.763367,0
2,0.751451,0.757409,0.00595825
3,0.757182,0.757333,0.00344083
4,0.752824,0.756206,0.00268153
5,0.763827,0.75773,0.00257637
6,0.767321,0.759329,0.00264198
7,0.752474,0.758349,0.00243818
8,0.753632,0.75776,0.00219232
9,0.753777,0.757317,0.00198345
10,0.756787,0.757264,0.00177484
11,0.760944,0.757599,0.00163989
12,0.754409,0.757333,0.00152042
13,0.754315,0.757101,0.00141773
14,0.764562,0.757634,0.00141664
15,0.759244,0.757741,0.00132318
16,0.754263,0.757524,0.00125667
17,0.760906,0.757723,0.00119708
18,0.766664,0.758219,0.00123309
19,0.754526,0.758025,0.00118248
20,0.761879,0.758218,0.00113822
1,0.652127,0.652127,0
2,0.645787,0.648957,0.00316973
3,0.646088,0.648001,0.00206485
4,0.649171,0.648294,0.00148911
5,0.657768,0.650188,0.0022184
6,0.656161,0.651184,0.00206682
7,0.648887,0.650856,0.00177733
8,0.647068,0.650382,0.0016104
9,0.647351,0.650045,0.00145964
10,0.647707,0.649812,0.00132631
11,0.648501,0.649692,0.0012056
12,0.644152,0.649231,0.00119347
13,0.648766,0.649195,0.00109842
14,0.657376,0.649779,0.00117287
15,0.648505,0.649694,0.00109518
16,0.650682,0.649756,0.0010263
17,0.651286,0.649846,0.000968236
18,0.652079,0.64997,0.000921256
19,0.646441,0.649784,0.000890996
20,0.652846,0.649937,0.000859019
1,0.654664,0.654664,0
2,0.649895,0.65228,0.0023844
3,0.64992,0.651493,0.00158553
4,0.653388,0.651967,0.0012171
5,0.661657,0.653905,0.00215521
6,0.660794,0.655053,0.00210123
7,0.650701,0.654431,0.00188155
8,0.648899,0.65374,0.00177011
9,0.648799,0.653191,0.00165482
10,0.650664,0.652938,0.00150154
11,0.650435,0.652711,0.00137711
12,0.648554,0.652364,0.00130398
13,0.649839,0.65217,0.00121511
14,0.659319,0.652681,0.00123545
15,0.6508,0.652555,0.00115695
16,0.652962,0.652581,0.00108253
17,0.654129,0.652672,0.00102093
18,0.656917,0.652908,0.000991006
19,0.649154,0.65271,0.000957988
20,0.653969,0.652773,0.000911005
1,80.3077,80.3077,0
2,79.5549,79.9313,0.376382
3,79.4126,79.7584,0.277698
4,75.2527,78.632,1.14342
5,77.3366,78.3729,0.922801
6,79.604,78.5781,0.780903
7,80.4871,78.8508,0.714108
8,78.9813,78.8671,0.61865
9,81.329,79.1406,0.610332
10,81.1165,79.3382,0.580554
11,78.0894,79.2247,0.537262
12,80.8635,79.3613,0.509111
13,77.9354,79.2516,0.480986
14,76.0502,79.0229,0.500588
15,79.9008,79.0814,0.469683
16,81.5124,79.2334,0.464877
17,79.7704,79.265,0.437817
18,79.4601,79.2758,0.41292
19,78.9142,79.2568,0.391047
20,77.7487,79.1814,0.378565
1,89.6955,89.6955,0
2,90.8041,90.2498,0.554316
3,89.873,90.1242,0.343805
4,89.9172,90.0725,0.248552
5,91.8345,90.4249,0.401573
6,91.4487,90.5955,0.369626
7,91.4005,90.7105,0.332884
8,90.4817,90.6819,0.289701
9,90.5578,90.6681,0.255864
10,90.3245,90.6338,0.231417
11,90.095,90.5848,0.214977
12,91.3333,90.6472,0.205922
13,90.0628,90.6022,0.194681
14,91.1948,90.6445,0.185143
15,89.7569,90.5854,0.182235
16,89.7747,90.5347,0.177836
17,89.9781,90.502,0.170226
18,91.8034,90.5743,0.176026
19,90.4896,90.5698,0.166563
20,92.1978,90.6512,0.17775
1,18.4932,18.4932,0
2,19.5499,19.0215,0.528341
3,19.6974,19.2468,0.37922
4,19.3049,19.2614,0.268542
5,19.3935,19.2878,0.209684
6,19.3347,19.2956,0.171384
7,19.4889,19.3232,0.147456
8,18.6652,19.241,0.151895
9,18.6718,19.1777,0.148138
10,19.4256,19.2025,0.134798
11,19.2981,19.2112,0.122239
12,19.1204,19.2036,0.111844
13,18.7654,19.1699,0.108263
14,19.4926,19.193,0.102849
15,19.5491,19.2167,0.0986467
16,19.0342,19.2053,0.0929783
17,19.1059,19.1995,0.0875335
18,19.7017,19.2274,0.0871168
19,19.4174,19.2374,0.0830087
20,18.4747,19.1992,0.0874967
1,24.6663,24.6663,0
2,23.9422,24.3043,0.362075
3,23.5986,24.069,0.314688
4,24.8303,24.2594,0.292797
5,24.2922,24.2659,0.226895
6,23.9856,24.2192,0.191059
7,23.6139,24.1327,0.183172
8,23.6099,24.0674,0.171569
9,23.6343,24.0193,0.158775
10,24.5233,24.0697,0.150692
11,24.5327,24.1118,0.142657
12,24.2463,24.123,0.130709
13,24.2656,24.1339,0.120734
14,24.7114,24.1752,0.119146
15,23.9679,24.1614,0.111776
16,24.215,24.1647,0.104611
17,23.4219,24.121,0.107542
18,24.0069,24.1147,0.10159
19,24.1547,24.1168,0.0961177
20,23.6812,24.095,0.0937503
1,7.5252,7.5252,0
2,7.45618,7.49069,0.0345112
3,7.47158,7.48432,0.0209178
4,7.40895,7.46548,0.0239546
5,7.45844,7.46407,0.0186084
6,7.29423,7.43576,0.0321265
7,7.36916,7.42625,0.0287706
8,7.26236,7.40576,0.0322564
9,7.15655,7.37807,0.0396993
10,7.40346,7.38061,0.0355988
11,7.44544,7.3865,0.0327351
12,7.37015,7.38514,0.029914
13,7.36421,7.38353,0.027564
14,7.44683,7.38805,0.0259167
15,7.46845,7.39341,0.0247154
16,7.41633,7.39485,0.0231635
17,7.42876,7.39684,0.0218495
18,7.46866,7.40083,0.0209828
19,7.27591,7.39426,0.0209084
20,7.37522,7.3933,0.0198582
1,8.38744,8.38744,0
2,8.24031,8.31387,0.0735668
3,8.08361,8.23712,0.0877239
4,8.05227,8.19091,0.0773525
5,8.34796,8.22232,0.0676515
6,8.21901,8.22177,0.05524
7,8.061,8.1988,0.0520296
8,8.29401,8.2107,0.0466042
9,8.24257,8.21424,0.0412533
10,8.33962,8.22678,0.0389699
11,8.00833,8.20692,0.0404588
12,8.12464,8.20006,0.0375647
13,8.16635,8.19747,0.0346517
14,8.10308,8.19073,0.032782
15,8.2758,8.1964,0.0310409
16,8.06153,8.18797,0.0302349
17,8.16861,8.18683,0.0284235
18,8.32941,8.19475,0.0279442
19,8.33837,8.20231,0.027492
20,8.38834,8.21161,0.0276902
1,3.95895,3.95895,0
2,4.00012,3.97953,0.0205862
3,3.9844,3.98116,0.0119955
4,3.9825,3.98149,0.00848882
5,3.9112,3.96743,0.015521
6,3.96287,3.96667,0.0126956
7,3.91059,3.95866,0.0133912
8,3.98094,3.96145,0.0119267
9,4.00547,3.96634,0.0116
10,3.95538,3.96524,0.0104331
11,4.03551,3.97163,0.0113957
12,3.95921,3.97059,0.0104542
13,3.99975,3.97284,0.00987455
14,3.97129,3.97273,0.00914272
15,3.94859,3.97112,0.00866214
16,3.95218,3.96993,0.00818867
17,3.96044,3.96938,0.00771215
18,3.93573,3.96751,0.00750746
19,3.89874,3.96389,0.00797043
20,4.00308,3.96585,0.00781116
1,4.17503,4.17503,0
2,4.14523,4.16013,0.0149024
3,4.15236,4.15754,0.00898487
4,4.1447,4.15433,0.00711864
5,4.14134,4.15173,0.00609541
6,4.09939,4.14301,0.0100436
7,4.2035,4.15165,0.0121137
8,4.18449,4.15576,0.0112653
9,4.18999,4.15956,0.0106384
10,4.18354,4.16196,0.00981264
11,4.15754,4.16156,0.00888495
12,4.16361,4.16173,0.00811262
13,4.15695,4.16136,0.00747157
14,4.15511,4.16091,0.0069317
15,4.15782,4.16071,0.00645636
16,4.14713,4.15986,0.00609871
17,4.16996,4.16045,0.0057595
18,4.15127,4.15994,0.005454
19,4.16647,4.16029,0.0051704
20,4.14904,4.15972,0.00493718
1,2.544,2.544,0
2,2.53991,2.54195,0.00204373
3,2.5214,2.5351,0.00695049
4,2.52425,2.53239,0.00561366
5,2.5014,2.52619,0.00757081
6,2.55156,2.53042,0.00748918
7,2.50453,2.52672,0.00733099
8,2.51989,2.52587,0.00640602
9,2.50402,2.52344,0.00614922
10,2.52527,2.52362,0.00550308
11,2.51628,2.52296,0.00502222
12,2.49968,2.52102,0.00497807
13,2.51614,2.52064,0.00459447
14,2.52667,2.52107,0.00427543
15,2.5263,2.52142,0.00399546
16,2.55622,2.5236,0.00432412
17,2.51289,2.52297,0.00411036
18,2.5114,2.52232,0.0039282
19,2.50825,2.52158,0.00378883
20,2.5153,2.52127,0.00360812
1,2.60034,2.60034,0
2,2.55121,2.57578,0.0245632
3,2.60671,2.58609,0.0175345
4,2.61663,2.59372,0.014561
5,2.64288,2.60355,0.0149628
6,2.60444,2.6037,0.012218
7,2.61641,2.60552,0.0104844
8,2.58299,2.6027,0.00950626
9,2.56457,2.59846,0.00939363
10,2.59039,2.59766,0.00844063
11,2.64444,2.60191,0.00873936
12,2.65906,2.60667,0.00929138
13,2.59008,2.6054,0.0086416
14,2.61094,2.60579,0.00801038
15,2.61617,2.60648,0.00748927
16,2.61425,2.60697,0.00702237
17,2.58432,2.60564,0.00672954
18,2.60229,2.60545,0.0063474
19,2.59228,2.60476,0.00604395
20,2.62548,2.60579,0.00582662
1,1.81668,1.81668,0
2,1.76984,1.79326,0.0234187
3,1.79833,1.79495,0.013626
4,1.77115,1.789,0.0113232
5,1.79102,1.7894,0.00878022
6,1.81278,1.7933,0.00815907
7,1.81557,1.79648,0.00759448
8,1.79701,1.79655,0.00657735
9,1.78426,1.79518,0.00595912
10,1.791,1.79476,0.00534639
11,1.79729,1.79499,0.00484143
12,1.78817,1.79442,0.00445598
13,1.79327,1.79434,0.00409987
14,1.79827,1.79462,0.00380612
15,1.80649,1.79541,0.00363065
16,1.78534,1.79478,0.00345398
17,1.8099,1.79567,0.00336418
18,1.76952,1.79422,0.00348855
19,1.79115,1.79405,0.00330379
20,1.77862,1.79328,0.00322791
1,1.80295,1.80295,0
2,1.85652,1.82974,0.026781
3,1.8342,1.83122,0.0155334
4,1.81633,1.8275,0.0115977
5,1.83418,1.82884,0.00908242
6,1.82156,1.82762,0.0075143
7,1.83473,1.82864,0.00643148
8,1.82227,1.82784,0.00562636
9,1.82631,1.82767,0.00496489
10,1.82799,1.82771,0.00444085
11,1.81846,1.82687,0.00410382
12,1.84373,1.82827,0.0040013
13,1.82672,1.82815,0.0036826
14,1.80637,1.8266,0.00374755
15,1.82003,1.82616,0.00351614
16,1.8148,1.82545,0.00336479
17,1.81872,1.82505,0.00318537
18,1.79864,1.82358,0.00334254
19,1.83321,1.82409,0.00320208
20,1.83767,1.82477,0.00311267
1,1.3613,1.3613,0
2,1.35134,1.35632,0.0049814
3,1.36356,1.35873,0.00375326
4,1.36428,1.36012,0.0029948
5,1.35944,1.35999,0.0023237
6,1.36269,1.36044,0.00195016
7,1.36069,1.36047,0.00164859
8,1.35216,1.35943,0.00176561
9,1.37048,1.36066,0.00198231
10,1.35806,1.3604,0.00179196
11,1.34757,1.35923,0.00199723
12,1.34019,1.35765,0.00241745
13,1.36807,1.35845,0.00236375
14,1.35899,1.35849,0.00218874
15,1.363,1.35879,0.00205966
16,1.34484,1.35792,0.00211472
17,1.36607,1.3584,0.00204355
18,1.35388,1.35814,0.00194293
19,1.35944,1.35821,0.0018391
20,1.36216,1.35841,0.00175584
1,1.36428,1.36428,0
2,1.37999,1.37213,0.0078572
3,1.3753,1.37319,0.00465771
4,1.39247,1.37801,0.00583713
5,1.37033,1.37647,0.00477497
6,1.36581,1.3747,0.00428505
7,1.36928,1.37392,0.00370334
8,1.36678,1.37303,0.00332921
9,1.3775,1.37353,0.00297778
10,1.37038,1.37321,0.00268195
11,1.37057,1.37297,0.00243781
12,1.3804,1.37359,0.00230994
13,1.37563,1.37375,0.00213062
14,1.3566,1.37252,0.00232198
15,1.37264,1.37253,0.00216166
16,1.36351,1.37197,0.00209913
17,1.37095,1.37191,0.00197269
18,1.37764,1.37222,0.00188693
19,1.37302,1.37227,0.00178534
20,1.38609,1.37296,0.00182931
1,1.0747,1.0747,0
2,1.08441,1.07955,0.00485493
3,1.08971,1.08294,0.00439466
4,1.08079,1.0824,0.00315364
5,1.08441,1.0828,0.00247552
6,1.07302,1.08117,0.00259662
7,1.08123,1.08118,0.00219456
8,1.08436,1.08158,0.00194169
9,1.07926,1.08132,0.00173168
10,1.0901,1.0822,0.00178065
11,1.07345,1.0814,0.00179625
12,1.08444,1.08166,0.00165915
13,1.08505,1.08192,0.00154832
14,1.07804,1.08164,0.00145992
15,1.07644,1.08129,0.00140268
16,1.08384,1.08145,0.00132168
17,1.07458,1.08105,0.0013057
18,1.07531,1.08073,0.00127167
19,1.07985,1.08068,0.00120377
20,1.08035,1.08067,0.00114212
1,1.09685,1.09685,0
2,1.09119,1.09402,0.00283111
3,1.08351,1.09052,0.00386805
4,1.08837,1.08998,0.00278718
5,1.09301,1.09059,0.00224246
6,1.08713,1.09001,0.00191966
7,1.09816,1.09118,0.00199715
8,1.08895,1.0909,0.00175176
9,1.08147,1.08985,0.00186662
10,1.09155,1.09002,0.00167821
11,1.09454,1.09043,0.00157263
12,1.0919,1.09055,0.00144079
13,1.08571,1.09018,0.00137679
14,1.09241,1.09034,0.00128457
15,1.09268,1.0905,0.00120601
16,1.08839,1.09036,0.00113579
17,1.09359,1.09055,0.00108359
18,1.09271,1.09067,0.00102859
19,1.09658,1.09098,0.00102133
20,1.09041,1.09096,0.000969352
1,0.889203,0.889203,0
2,0.895651,0.892427,0.003224
3,0.887526,0.890793,0.00247657
4,0.893276,0.891414,0.00185795
5,0.896225,0.892376,0.00173122
6,0.892773,0.892442,0.00141508
7,0.890722,0.892196,0.00122096
8,0.890068,0.89193,0.00109034
9,0.891246,0.891854,0.000964586
10,0.884765,0.891145,0.00111667
11,0.880623,0.890189,0.00139111
12,0.890339,0.890201,0.00126997
13,0.886078,0.889884,0.0012105
14,0.891269,0.889983,0.00112506
15,0.899117,0.890592,0.00121153
16,0.889183,0.890504,0.0011367
17,0.893517,0.890681,0.00108235
18,0.892029,0.890756,0.0010232
19,0.894137,0.890934,0.000984066
20,0.891618,0.890968,0.000934194
1,0.903874,0.903874,0
2,0.89901,0.901442,0.00243216
3,0.888261,0.897048,0.00461259
4,0.887058,0.894551,0.00410801
5,0.898584,0.895357,0.00328269
6,0.899734,0.896087,0.00277782
7,0.886057,0.894654,0.00275041
8,0.897615,0.895024,0.00241052
9,0.897339,0.895281,0.00214138
10,0.901716,0.895925,0.00202051
11,0.89385,0.895736,0.00183732
12,0.896782,0.895823,0.0016795
13,0.896086,0.895844,0.00154505
14,0.895031,0.895786,0.00143162
15,0.899593,0.896039,0.00135672
16,0.885649,0.89539,0.00142561
17,0.897771,0.89553,0.00134643
18,0.904078,0.896005,0.00135534
19,0.907388,0.896604,0.00141511
20,0.897218,0.896635,0.00134284
1,0.749285,0.749285,0
2,0.749844,0.749564,0.000279564
3,0.749582,0.74957,0.000161514
4,0.75825,0.75174,0.00217302
5,0.750156,0.751423,0.00171276
6,0.750516,0.751272,0.00140662
7,0.755648,0.751897,0.00134316
8,0.754086,0.752171,0.00119495
9,0.753642,0.752334,0.00106644
10,0.750609,0.752162,0.000969324
11,0.75511,0.75243,0.000916823
12,0.75297,0.752475,0.000838149
13,0.750068,0.75229,0.000792895
14,0.757736,0.752679,0.000830775
15,0.744568,0.752138,0.000943673
16,0.739829,0.751369,0.0011709
17,0.7517,0.751388,0.00110005
18,0.749089,0.75126,0.00104497
19,0.753496,0.751378,0.000995426
20,0.749656,0.751292,0.000948261
1,0.757471,0.757471,0
2,0.746961,0.752216,0.00525542
3,0.753114,0.752515,0.00304896
4,0.753689,0.752809,0.00217581
5,0.756184,0.753484,0.00181552
6,0.752091,0.753252,0.00150043
7,0.758671,0.754026,0.00148573
8,0.758264,0.754556,0.00139148
9,0.758278,0.754969,0.001295
10,0.753161,0.754788,0.00117232
11,0.752692,0.754598,0.00107739
12,0.750671,0.754271,0.00103654
13,0.760538,0.754753,0.00106843
14,0.755033,0.754773,0.00098938
15,0.758243,0.755004,0.000949681
16,0.757432,0.755156,0.000901213
17,0.745802,0.754606,0.00100966
18,0.747779,0.754226,0.00102468
19,0.756621,0.754352,0.000977414
20,0.761116,0.754691,0.000987003
1,0.649275,0.649275,0
2,0.647079,0.648177,0.00109813
3,0.652206,0.64952,0.00148531
4,0.650779,0.649835,0.00109644
5,0.650019,0.649872,0.000850097
6,0.647526,0.649481,0.000796639
7,0.649642,0.649504,0.000673676
8,0.646173,0.649087,0.000716738
9,0.650786,0.649276,0.000659691
10,0.64546,0.648895,0.000702713
11,0.647315,0.648751,0.000651647
12,0.649978,0.648853,0.000603596
13,0.649719,0.64892,0.000559207
14,0.644849,0.648629,0.000593788
15,0.648712,0.648635,0.000552815
16,0.648148,0.648604,0.000518005
17,0.652124,0.648811,0.000528795
18,0.64549,0.648627,0.000531603
19,0.653609,0.648889,0.000567109
20,0.649457,0.648917,0.000538756
1,0.642765,0.642765,0
2,0.650807,0.646786,0.00402107
3,0.659958,0.651177,0.00496649
4,0.65361,0.651785,0.00356415
5,0.651139,0.651656,0.0027638
6,0.645494,0.650629,0.00247935
7,0.647884,0.650237,0.00213181
8,0.64827,0.649991,0.0018625
9,0.653603,0.650392,0.0016909
10,0.654657,0.650819,0.00157137
11,0.645341,0.650321,0.00150606
12,0.652282,0.650484,0.00138452
13,0.654235,0.650773,0.00130584
14,0.65681,0.651204,0.00128357
15,0.65089,0.651183,0.00119512
16,0.655662,0.651463,0.00115244
17,0.652559,0.651528,0.00108445
18,0.648585,0.651364,0.00103541
19,0.64769,0.651171,0.000998305
20,0.651051,0.651165,0.000947094
