1,-0.973222,-0.973222,0
2,-0.972622,-0.972922,0.0003
3,-0.972166,-0.97267,0.000306004
4,-0.972374,-0.972596,0.000228725
5,-0.970781,-0.972233,0.000403964
6,-0.974535,-0.972617,0.000505986
7,-0.976934,-0.973233,0.000750559
8,-0.975607,-0.97353,0.000714523
9,-0.971595,-0.973315,0.000665819
10,-0.974483,-0.973432,0.000606872
11,-0.970739,-0.973187,0.000601048
12,-0.974887,-0.973329,0.000566673
13,-0.976078,-0.97354,0.000562514
14,-0.976652,-0.973763,0.000566234
15,-0.968652,-0.973422,0.000627655
16,-0.973642,-0.973436,0.000587279
17,-0.97175,-0.973337,0.000560489
18,-0.970815,-0.973196,0.000546684
19,-0.973134,-0.973193,0.000517122
20,-0.975672,-0.973317,0.000505999
1,-1.00816,-1.00816,0
2,-1.00193,-1.00505,0.00311706
3,-1.006,-1.00536,0.00182756
4,-1.00289,-1.00474,0.0014329
5,-1.0044,-1.00468,0.001112
6,-1.00347,-1.00448,0.000930021
7,-1.00495,-1.00454,0.000788874
8,-1.00098,-1.0041,0.000815294
9,-1.00112,-1.00377,0.000791414
10,-1.00434,-1.00382,0.000710152
11,-1.00705,-1.00412,0.000706205
12,-1.00351,-1.00407,0.000646659
13,-1.00644,-1.00425,0.000622263
14,-1.00664,-1.00442,0.00060082
15,-1.00362,-1.00437,0.000561849
16,-1.00456,-1.00438,0.000525701
17,-1.00464,-1.00439,0.000494055
18,-1.0001,-1.00416,0.000523287
19,-1.00193,-1.00404,0.000508713
20,-1.00529,-1.0041,0.000486622
1,-0.869754,-0.869754,0
2,-0.868483,-0.869119,0.0006356
3,-0.870204,-0.869481,0.00051528
4,-0.871479,-0.86998,0.000618404
5,-0.870222,-0.870028,0.000481441
6,-0.869913,-0.870009,0.000393567
7,-0.870043,-0.870014,0.00033266
8,-0.868076,-0.869772,0.000376412
9,-0.871124,-0.869922,0.000364381
10,-0.870339,-0.869964,0.000328571
11,-0.8686,-0.86984,0.000322026
12,-0.869385,-0.869802,0.000296403
13,-0.869492,-0.869778,0.000273691
14,-0.869582,-0.869764,0.000253774
15,-0.872558,-0.86995,0.000300862
16,-0.870871,-0.870008,0.000287255
17,-0.867662,-0.86987,0.000303079
18,-0.870507,-0.869905,0.000287931
19,-0.870326,-0.869927,0.000273252
20,-0.871833,-0.870023,0.000276182
1,-0.885353,-0.885353,0
2,-0.885757,-0.885555,0.000202152
3,-0.888008,-0.886373,0.000825896
4,-0.889872,-0.887248,0.00105189
5,-0.885299,-0.886858,0.000903219
6,-0.886261,-0.886759,0.000744152
7,-0.889085,-0.887091,0.00071131
8,-0.884345,-0.886748,0.000705168
9,-0.885575,-0.886617,0.000635412
10,-0.886511,-0.886607,0.000568429
11,-0.885069,-0.886467,0.000532815
12,-0.887028,-0.886514,0.000488635
13,-0.885222,-0.886414,0.000460323
14,-0.885947,-0.886381,0.000427484
15,-0.88931,-0.886576,0.000443281
16,-0.887367,-0.886626,0.000417589
17,-0.885331,-0.886549,0.000399583
18,-0.887395,-0.886596,0.000379646
19,-0.889622,-0.886756,0.000392833
20,-0.888077,-0.886822,0.000378488
1,-0.761177,-0.761177,0
2,-0.760979,-0.761078,9.88e-05
3,-0.762284,-0.76148,0.000406027
4,-0.761528,-0.761492,0.000287355
5,-0.761262,-0.761446,0.000227272
6,-0.759674,-0.761151,0.000348748
7,-0.760201,-0.761015,0.00032449
8,-0.761698,-0.7611,0.000293681
9,-0.761338,-0.761127,0.000260349
10,-0.762663,-0.76128,0.000278979
11,-0.762587,-0.761399,0.000278909
12,-0.762013,-0.76145,0.00025969
13,-0.762787,-0.761553,0.000260073
14,-0.761439,-0.761545,0.000240919
15,-0.760813,-0.761496,0.000229535
16,-0.761542,-0.761499,0.000214729
17,-0.760978,-0.761469,0.000204016
18,-0.762388,-0.76152,0.000199016
19,-0.762023,-0.761546,0.000190107
20,-0.76205,-0.761571,0.0001821
1,-0.767186,-0.767186,0
2,-0.766912,-0.767049,0.000137216
3,-0.768089,-0.767396,0.000355552
4,-0.768109,-0.767574,0.000308178
5,-0.766492,-0.767358,0.000322216
6,-0.76501,-0.766966,0.000471505
7,-0.767252,-0.767007,0.000400587
8,-0.766826,-0.766984,0.000347655
9,-0.766941,-0.76698,0.000306642
10,-0.768936,-0.767175,0.000336901
11,-0.7695,-0.767387,0.000370824
12,-0.768089,-0.767445,0.00034354
13,-0.768109,-0.767496,0.000320105
14,-0.768049,-0.767536,0.000298982
15,-0.765779,-0.767419,0.000301962
16,-0.765896,-0.767323,0.000298062
17,-0.766996,-0.767304,0.000280641
18,-0.768355,-0.767363,0.000270958
19,-0.767764,-0.767384,0.00025717
20,-0.76686,-0.767358,0.000245372
1,-0.664231,-0.664231,0
2,-0.664718,-0.664475,0.0002436
3,-0.665013,-0.664654,0.000227905
4,-0.664752,-0.664679,0.000163
5,-0.664179,-0.664579,0.000160989
6,-0.663835,-0.664455,0.00018065
7,-0.663629,-0.664337,0.000192962
8,-0.663197,-0.664194,0.000219618
9,-0.663394,-0.664105,0.00021314
10,-0.663582,-0.664053,0.000197702
11,-0.665456,-0.664181,0.000219655
12,-0.664449,-0.664203,0.000201759
13,-0.663945,-0.664183,0.00018665
14,-0.66427,-0.664189,0.000172915
15,-0.663188,-0.664122,0.000174264
16,-0.664486,-0.664145,0.000164582
17,-0.664166,-0.664146,0.000154603
18,-0.664637,-0.664174,0.000148285
19,-0.66439,-0.664185,0.000140724
20,-0.664664,-0.664209,0.000135634
1,-0.667235,-0.667235,0
2,-0.667745,-0.66749,0.000254716
3,-0.667932,-0.667637,0.000208163
4,-0.667681,-0.667648,0.000147602
5,-0.6671,-0.667538,0.000158394
6,-0.666435,-0.667355,0.000224787
7,-0.666428,-0.667222,0.000231548
8,-0.66645,-0.667126,0.000222558
9,-0.666353,-0.66704,0.000214248
10,-0.666474,-0.666983,0.000199799
11,-0.669302,-0.667194,0.000277693
12,-0.667432,-0.667214,0.000254272
13,-0.666703,-0.667175,0.000237177
14,-0.667602,-0.667205,0.000221694
15,-0.665636,-0.667101,0.000231375
16,-0.666943,-0.667091,0.000216655
17,-0.667026,-0.667087,0.000203547
18,-0.667009,-0.667083,0.000191955
19,-0.667773,-0.667119,0.000185169
20,-0.667483,-0.667137,0.000176608
1,-0.582373,-0.582373,0
2,-0.581828,-0.5821,0.0002724
3,-0.58355,-0.582584,0.000508277
4,-0.58269,-0.58261,0.000360394
5,-0.583322,-0.582753,0.000313309
6,-0.583274,-0.582839,0.000270149
7,-0.583134,-0.582882,0.000232173
8,-0.583076,-0.582906,0.00020253
9,-0.583252,-0.582944,0.000182708
10,-0.583039,-0.582954,0.000163694
11,-0.5833,-0.582985,0.000151374
12,-0.582804,-0.58297,0.000139008
13,-0.582832,-0.58296,0.00012831
14,-0.582989,-0.582962,0.000118811
15,-0.581733,-0.58288,0.000137642
16,-0.583015,-0.582888,0.00012903
17,-0.582446,-0.582862,0.000123968
18,-0.583587,-0.582902,0.000123624
19,-0.582852,-0.5829,0.000116967
20,-0.58349,-0.582929,0.000114816
1,-0.584421,-0.584421,0
2,-0.583813,-0.584117,0.000303944
3,-0.585323,-0.584519,0.00043863
4,-0.584293,-0.584462,0.000315264
5,-0.584664,-0.584503,0.000247505
6,-0.584948,-0.584577,0.000215277
7,-0.584771,-0.584605,0.000184037
8,-0.585141,-0.584672,0.000172923
9,-0.584866,-0.584693,0.000154025
10,-0.584891,-0.584713,0.000139181
11,-0.585001,-0.584739,0.000128594
12,-0.584356,-0.584707,0.00012165
13,-0.584453,-0.584688,0.0001136
14,-0.584513,-0.584675,0.000105911
15,-0.583219,-0.584578,0.000138354
16,-0.5842,-0.584555,0.000131555
17,-0.584238,-0.584536,0.000124972
18,-0.585325,-0.58458,0.000125709
19,-0.58477,-0.58459,0.000119332
20,-0.585073,-0.584614,0.000115753
1,-0.515933,-0.515933,0
2,-0.515538,-0.515735,0.0001976
3,-0.51633,-0.515933,0.000228631
4,-0.516098,-0.515975,0.00016685
5,-0.516978,-0.516175,0.000238629
6,-0.516603,-0.516247,0.000207487
7,-0.517101,-0.516369,0.000213644
8,-0.51649,-0.516384,0.000185639
9,-0.515688,-0.516306,0.00018105
10,-0.51645,-0.516321,0.000162575
11,-0.516546,-0.516341,0.000148468
12,-0.516541,-0.516358,0.000136548
13,-0.516215,-0.516347,0.000126085
14,-0.516882,-0.516385,0.000122839
15,-0.516044,-0.516362,0.000116596
16,-0.516455,-0.516368,0.00010922
17,-0.516554,-0.516379,0.000103172
18,-0.516655,-0.516394,9.84737e-05
19,-0.515999,-0.516374,9.54414e-05
20,-0.516995,-0.516405,9.57288e-05
1,-0.516975,-0.516975,0
2,-0.516998,-0.516986,1.1452e-05
3,-0.517586,-0.517186,0.000199977
4,-0.51723,-0.517197,0.000141826
5,-0.517966,-0.517351,0.000188985
6,-0.517984,-0.517456,0.000186935
7,-0.518187,-0.517561,0.000189365
8,-0.517625,-0.517569,0.000164193
9,-0.517052,-0.517511,0.000155771
10,-0.517632,-0.517523,0.000139846
11,-0.51764,-0.517534,0.00012694
12,-0.517749,-0.517552,0.000117249
13,-0.517412,-0.517541,0.000108388
14,-0.517712,-0.517553,0.000101088
15,-0.517017,-0.517518,0.000100667
16,-0.517342,-0.517507,9.48065e-05
17,-0.51797,-0.517534,9.31289e-05
18,-0.518138,-0.517567,9.39918e-05
19,-0.517416,-0.51756,8.92631e-05
20,-0.51796,-0.51758,8.7015e-05
1,-0.462378,-0.462378,0
2,-0.46128,-0.461829,0.0005488
3,-0.46185,-0.461836,0.000316926
4,-0.461786,-0.461823,0.000224439
5,-0.46217,-0.461893,0.00018719
6,-0.462877,-0.462057,0.000224179
7,-0.46289,-0.462176,0.000223783
8,-0.461916,-0.462143,0.000196505
9,-0.46105,-0.462022,0.000211669
10,-0.462385,-0.462058,0.00019277
11,-0.462148,-0.462066,0.000174558
12,-0.461262,-0.461999,0.000172859
13,-0.462102,-0.462007,0.000159202
14,-0.462841,-0.462067,0.000158965
15,-0.461508,-0.462029,0.000152604
16,-0.462282,-0.462045,0.000143621
17,-0.46257,-0.462076,0.000138399
18,-0.462208,-0.462084,0.000130689
19,-0.462002,-0.462079,0.000123693
20,-0.463211,-0.462136,0.000130282
1,-0.463158,-0.463158,0
2,-0.462549,-0.462854,0.000304456
3,-0.462878,-0.462862,0.000175964
4,-0.462786,-0.462843,0.000125872
5,-0.462972,-0.462869,0.000100875
6,-0.463978,-0.463054,0.000202416
7,-0.46357,-0.463127,0.000186318
8,-0.462593,-0.463061,0.000174616
9,-0.462162,-0.462961,0.000183514
10,-0.463271,-0.462992,0.000167046
11,-0.46319,-0.46301,0.000152169
12,-0.462133,-0.462937,0.000156976
13,-0.46278,-0.462925,0.000144896
14,-0.463567,-0.462971,0.00014178
15,-0.462356,-0.46293,0.000138194
16,-0.462929,-0.46293,0.000129269
17,-0.463504,-0.462963,0.000126038
18,-0.463001,-0.462965,0.000118848
19,-0.462939,-0.462964,0.000112427
20,-0.463979,-0.463015,0.00011811
1,-0.41756,-0.41756,0
2,-0.416374,-0.416967,0.0005932
3,-0.416843,-0.416926,0.000344953
4,-0.416622,-0.41685,0.000255485
5,-0.417059,-0.416892,0.000202289
6,-0.417744,-0.417034,0.00021787
7,-0.418052,-0.417179,0.000234673
8,-0.416929,-0.417148,0.000205626
9,-0.416452,-0.41707,0.000197137
10,-0.41701,-0.417064,0.000176427
11,-0.417177,-0.417075,0.000159911
12,-0.416788,-0.417051,0.00014792
13,-0.417094,-0.417054,0.000136107
14,-0.41799,-0.417121,0.000142658
15,-0.416944,-0.417109,0.000133331
16,-0.417584,-0.417139,0.000128202
17,-0.417807,-0.417178,0.000126679
18,-0.417118,-0.417175,0.000119482
19,-0.417444,-0.417189,0.000113903
20,-0.418751,-0.417267,0.000133334
1,-0.41817,-0.41817,0
2,-0.417261,-0.417716,0.000454784
3,-0.417573,-0.417668,0.000266814
4,-0.417473,-0.417619,0.000194901
5,-0.41755,-0.417606,0.0001516
6,-0.418434,-0.417744,0.000185471
7,-0.418581,-0.417863,0.000197192
8,-0.417402,-0.417806,0.000180253
9,-0.417315,-0.417751,0.000168072
10,-0.417632,-0.417739,0.000150798
11,-0.418107,-0.417773,0.000140443
12,-0.417153,-0.417721,0.000138225
13,-0.417684,-0.417718,0.000127181
14,-0.418614,-0.417782,0.000134018
15,-0.417525,-0.417765,0.000125937
16,-0.418424,-0.417806,0.000124805
17,-0.418482,-0.417846,0.000123793
18,-0.417749,-0.417841,0.000116839
19,-0.418112,-0.417855,0.000111439
20,-0.41904,-0.417914,0.000121195
1,-0.38007,-0.38007,0
2,-0.378785,-0.379427,0.0006424
3,-0.379897,-0.379584,0.000402569
4,-0.37991,-0.379665,0.000296143
5,-0.379192,-0.379571,0.000248162
6,-0.381116,-0.379828,0.000327699
7,-0.380866,-0.379976,0.00031411
8,-0.379235,-0.379884,0.000287375
9,-0.379415,-0.379832,0.000258734
10,-0.379422,-0.379791,0.000235025
11,-0.379929,-0.379803,0.000212958
12,-0.379494,-0.379777,0.000196109
13,-0.379906,-0.379787,0.000180663
14,-0.380586,-0.379844,0.000176713
15,-0.379494,-0.379821,0.000166164
16,-0.379694,-0.379813,0.000155636
17,-0.380218,-0.379837,0.000148127
18,-0.379522,-0.379819,0.000140744
19,-0.38003,-0.37983,0.000133593
20,-0.380838,-0.379881,0.000136375
1,-0.380465,-0.380465,0
2,-0.379442,-0.379954,0.000511388
3,-0.380282,-0.380063,0.000314866
4,-0.380492,-0.38017,0.000247056
5,-0.379567,-0.38005,0.000226271
6,-0.381581,-0.380305,0.000315146
7,-0.381369,-0.380457,0.000306703
8,-0.37956,-0.380345,0.00028831
9,-0.380173,-0.380326,0.000254986
10,-0.379993,-0.380292,0.000230473
11,-0.380782,-0.380337,0.000213169
12,-0.379842,-0.380296,0.000198916
13,-0.380316,-0.380297,0.000182983
14,-0.380884,-0.380339,0.000174508
15,-0.37986,-0.380307,0.000165563
16,-0.38026,-0.380304,0.000154899
17,-0.380835,-0.380335,0.000148811
18,-0.380051,-0.38032,0.000141187
19,-0.380414,-0.380325,0.000133641
20,-0.381133,-0.380365,0.000133068
1,-0.348797,-0.348797,0
2,-0.347233,-0.348015,0.000782
3,-0.348323,-0.348118,0.000463043
4,-0.348622,-0.348244,0.000350828
5,-0.34795,-0.348185,0.000278005
6,-0.348974,-0.348317,0.000262367
7,-0.349388,-0.34847,0.00026944
8,-0.347427,-0.348339,0.000267258
9,-0.34785,-0.348285,0.000241898
10,-0.347732,-0.34823,0.000223313
11,-0.348639,-0.348267,0.000205397
12,-0.347567,-0.348209,0.000196357
13,-0.348395,-0.348223,0.000181192
14,-0.348765,-0.348262,0.000172159
15,-0.347469,-0.348209,0.000168761
16,-0.348154,-0.348205,0.000157898
17,-0.348795,-0.34824,0.000152324
18,-0.348113,-0.348233,0.000143786
19,-0.348738,-0.34826,0.000138577
20,-0.349114,-0.348302,0.00013824
1,-0.349048,-0.349048,0
2,-0.34778,-0.348414,0.000633924
3,-0.348879,-0.348569,0.000397437
4,-0.349024,-0.348683,0.000303249
5,-0.348081,-0.348562,0.000263932
6,-0.349272,-0.34868,0.000245813
7,-0.349784,-0.348838,0.000260818
8,-0.347693,-0.348695,0.000267424
9,-0.348354,-0.348657,0.000238878
10,-0.348351,-0.348626,0.000215837
11,-0.349115,-0.348671,0.000200211
12,-0.34795,-0.348611,0.000192378
13,-0.348656,-0.348614,0.000176996
14,-0.34902,-0.348643,0.000166403
15,-0.347752,-0.348584,0.000165924
16,-0.348643,-0.348588,0.000155252
17,-0.349273,-0.348628,0.000151299
18,-0.348726,-0.348633,0.000142749
19,-0.349133,-0.34866,0.00013756
20,-0.349446,-0.348699,0.00013629
1,-0.321555,-0.321555,0
2,-0.32029,-0.320923,0.0006324
3,-0.321489,-0.321111,0.000410981
4,-0.322055,-0.321347,0.000374322
5,-0.321177,-0.321313,0.000291949
6,-0.322202,-0.321461,0.000280611
7,-0.322355,-0.321589,0.000269353
8,-0.320605,-0.321466,0.000263722
9,-0.320605,-0.32137,0.000251496
10,-0.320822,-0.321316,0.000231522
11,-0.321681,-0.321349,0.000212036
12,-0.320934,-0.321314,0.000196616
13,-0.321326,-0.321315,0.000180863
14,-0.321604,-0.321336,0.000168713
15,-0.320356,-0.32127,0.000170104
16,-0.321487,-0.321284,0.000159693
17,-0.321773,-0.321313,0.000152737
18,-0.321246,-0.321309,0.00014405
19,-0.321858,-0.321338,0.000139283
20,-0.322314,-0.321387,0.000140868
1,-0.321923,-0.321923,0
2,-0.32066,-0.321291,0.000631132
3,-0.321871,-0.321485,0.000412373
4,-0.322521,-0.321744,0.000390077
5,-0.321424,-0.32168,0.000308847
6,-0.322593,-0.321832,0.000294566
7,-0.322651,-0.321949,0.000275072
8,-0.320881,-0.321815,0.000273087
9,-0.321007,-0.321726,0.000257041
10,-0.321384,-0.321691,0.000232428
11,-0.322031,-0.321722,0.000212491
12,-0.321451,-0.3217,0.000195288
13,-0.321557,-0.321689,0.000179973
14,-0.321815,-0.321698,0.000166866
15,-0.320504,-0.321618,0.000174538
16,-0.322066,-0.321646,0.000165651
17,-0.322193,-0.321678,0.000158896
18,-0.321639,-0.321676,0.000149825
19,-0.322109,-0.321699,0.000143538
20,-0.322502,-0.321739,0.000141974
1,-0.97536,-0.97536,0
2,-0.974838,-0.975099,0.0002608
3,-0.97431,-0.974836,0.000302995
4,-0.970323,-0.973708,0.00114843
5,-0.972454,-0.973457,0.000924269
6,-0.97476,-0.973674,0.000785283
7,-0.975758,-0.973972,0.000727408
8,-0.974428,-0.974029,0.000632528
9,-0.976435,-0.974296,0.000618596
10,-0.976738,-0.974541,0.000604785
11,-0.972841,-0.974386,0.000568454
12,-0.975882,-0.974511,0.000533697
13,-0.972946,-0.97439,0.000505477
14,-0.971225,-0.974164,0.000519742
15,-0.975013,-0.974221,0.000487149
16,-0.976714,-0.974377,0.000481585
17,-0.97529,-0.97443,0.000455552
18,-0.974916,-0.974457,0.000430345
19,-0.974068,-0.974437,0.000407581
20,-0.972695,-0.97435,0.00039635
1,-1.00249,-1.00249,0
2,-1.00441,-1.00345,0.000959364
3,-1.00202,-1.00297,0.00073064
4,-1.00229,-1.0028,0.000543637
5,-1.00513,-1.00327,0.00062849
6,-1.00497,-1.00355,0.000586003
7,-1.00504,-1.00376,0.000538896
8,-1.00356,-1.00374,0.000467359
9,-1.00417,-1.00379,0.000414936
10,-1.00367,-1.00377,0.000371304
11,-1.00309,-1.00371,0.000341653
12,-1.0047,-1.00379,0.000322591
13,-1.00319,-1.00375,0.000300331
14,-1.00489,-1.00383,0.000289765
15,-1.00247,-1.00374,0.000284517
16,-1.0031,-1.0037,0.000269129
17,-1.00272,-1.00364,0.000259257
18,-1.00581,-1.00376,0.000272535
19,-1.00378,-1.00376,0.000257794
20,-1.0063,-1.00389,0.000275605
1,-0.86922,-0.86922,0
2,-0.87153,-0.870375,0.0011548
3,-0.870658,-0.870469,0.000673355
4,-0.870398,-0.870451,0.000476462
5,-0.871689,-0.870699,0.00044436
6,-0.87071,-0.870701,0.000362823
7,-0.869666,-0.870553,0.00034044
8,-0.869745,-0.870452,0.000311654
9,-0.869234,-0.870317,0.00030634
10,-0.871111,-0.870396,0.000285288
11,-0.870369,-0.870394,0.000258064
12,-0.870372,-0.870392,0.000235586
13,-0.870462,-0.870397,0.000216776
14,-0.871324,-0.870463,0.000211331
15,-0.871224,-0.870514,0.000203167
16,-0.871044,-0.870547,0.00019291
17,-0.870174,-0.870525,0.000182535
18,-0.872252,-0.870621,0.000197026
19,-0.871002,-0.870641,0.000187441
20,-0.869399,-0.870579,0.000188354
1,-0.886401,-0.886401,0
2,-0.886136,-0.886269,0.00013268
3,-0.885665,-0.886068,0.000215342
4,-0.886369,-0.886143,0.000169928
5,-0.887458,-0.886406,0.00029416
6,-0.886433,-0.886411,0.000240223
7,-0.885164,-0.886232,0.000270098
8,-0.885397,-0.886128,0.000256153
9,-0.8855,-0.886058,0.000236422
10,-0.889252,-0.886378,0.000383071
11,-0.887374,-0.886468,0.000358136
12,-0.885597,-0.886396,0.000334898
13,-0.887728,-0.886498,0.000324673
14,-0.888163,-0.886617,0.000323251
15,-0.886015,-0.886577,0.000303591
16,-0.887492,-0.886634,0.00028969
17,-0.885134,-0.886546,0.000286066
18,-0.886665,-0.886553,0.000269787
19,-0.88756,-0.886606,0.000260647
20,-0.886232,-0.886587,0.000247976
1,-0.761719,-0.761719,0
2,-0.761389,-0.761554,0.0001652
3,-0.761085,-0.761398,0.000183188
4,-0.761919,-0.761528,0.000183802
5,-0.762797,-0.761782,0.000290971
6,-0.760636,-0.761591,0.000304809
7,-0.76094,-0.761498,0.000273874
8,-0.761792,-0.761535,0.000240015
9,-0.760492,-0.761419,0.0002413
10,-0.762113,-0.761488,0.00022671
11,-0.761648,-0.761503,0.000205581
12,-0.761227,-0.76148,0.000189068
13,-0.761889,-0.761511,0.000176741
14,-0.761372,-0.761501,0.000163932
15,-0.761722,-0.761516,0.000153323
16,-0.762408,-0.761572,0.000153875
17,-0.761537,-0.76157,0.000144555
18,-0.762002,-0.761594,0.000138392
19,-0.760149,-0.761518,0.000151392
20,-0.760454,-0.761465,0.000153147
1,-0.767312,-0.767312,0
2,-0.767174,-0.767243,6.9004e-05
3,-0.767552,-0.767346,0.00011042
4,-0.767615,-0.767413,0.000103076
5,-0.767628,-0.767456,9.06557e-05
6,-0.766939,-0.76737,0.000113619
7,-0.766041,-0.76718,0.000212785
8,-0.767586,-0.767231,0.000191152
9,-0.768527,-0.767375,0.000221769
10,-0.768147,-0.767452,0.000212847
11,-0.767402,-0.767447,0.00019258
12,-0.767361,-0.76744,0.000175946
13,-0.766513,-0.767369,0.000176858
14,-0.766732,-0.767323,0.000169938
15,-0.766991,-0.767301,0.000159753
16,-0.765645,-0.767198,0.000181791
17,-0.767236,-0.7672,0.000170778
18,-0.768302,-0.767261,0.000172267
19,-0.768896,-0.767347,0.000184264
20,-0.767306,-0.767345,0.00017482
1,-0.663518,-0.663518,0
2,-0.664545,-0.664032,0.0005132
3,-0.664357,-0.66414,0.000315503
4,-0.664001,-0.664105,0.000225792
5,-0.663902,-0.664064,0.000179575
6,-0.6647,-0.66417,0.000180879
7,-0.66314,-0.664023,0.00021222
8,-0.664362,-0.664066,0.000188593
9,-0.665954,-0.664275,0.000267722
10,-0.663402,-0.664188,0.000254871
11,-0.663893,-0.664161,0.000232096
12,-0.664471,-0.664187,0.000213443
13,-0.664662,-0.664224,0.000199716
14,-0.664659,-0.664255,0.000187501
15,-0.663661,-0.664215,0.000178988
16,-0.66305,-0.664142,0.000182587
17,-0.665238,-0.664207,0.000183215
18,-0.663962,-0.664193,0.000173272
19,-0.664215,-0.664194,0.000163903
20,-0.664718,-0.66422,0.000157679
1,-0.667161,-0.667161,0
2,-0.666769,-0.666965,0.000196192
3,-0.666113,-0.666681,0.000305778
4,-0.66666,-0.666676,0.00021628
5,-0.666521,-0.666645,0.000170373
6,-0.665371,-0.666433,0.000253859
7,-0.667667,-0.666609,0.000277692
8,-0.666949,-0.666651,0.000244224
9,-0.666503,-0.666635,0.000216017
10,-0.667587,-0.66673,0.000215405
11,-0.667757,-0.666824,0.000216054
12,-0.666531,-0.666799,0.000198732
13,-0.665409,-0.666692,0.000211792
14,-0.666308,-0.666665,0.000197994
15,-0.666241,-0.666636,0.000186478
16,-0.666565,-0.666632,0.00017449
17,-0.666574,-0.666629,0.000163941
18,-0.667502,-0.666677,0.00016201
19,-0.667203,-0.666705,0.000155726
20,-0.66636,-0.666688,0.00014874
1,-0.583947,-0.583947,0
2,-0.582929,-0.583438,0.0005092
3,-0.583198,-0.583358,0.000304712
4,-0.582105,-0.583045,0.000380212
5,-0.582876,-0.583011,0.000296435
6,-0.583568,-0.583104,0.000259238
7,-0.583226,-0.583121,0.000219795
8,-0.58195,-0.582975,0.000240171
9,-0.581854,-0.58285,0.000245686
10,-0.582815,-0.582847,0.000219776
11,-0.582883,-0.58285,0.000198822
12,-0.583176,-0.582877,0.00018352
13,-0.583065,-0.582892,0.000169429
14,-0.582805,-0.582885,0.000156983
15,-0.582116,-0.582834,0.000154886
16,-0.582409,-0.582808,0.000147301
17,-0.581553,-0.582734,0.000156822
18,-0.582451,-0.582718,0.000148685
19,-0.583703,-0.58277,0.000149894
20,-0.583945,-0.582829,0.000153858
1,-0.583854,-0.583854,0
2,-0.584597,-0.584226,0.000371248
3,-0.583927,-0.584126,0.000236342
4,-0.583457,-0.583959,0.000236372
5,-0.585569,-0.584281,0.000370446
6,-0.58429,-0.584282,0.000302472
7,-0.584677,-0.584339,0.000261776
8,-0.58485,-0.584403,0.000235551
9,-0.583399,-0.584291,0.000235806
10,-0.584259,-0.584288,0.000210935
11,-0.58442,-0.5843,0.000191175
12,-0.58483,-0.584344,0.000180018
13,-0.583968,-0.584315,0.000168098
14,-0.584793,-0.584349,0.000159332
15,-0.584469,-0.584357,0.000148545
16,-0.584464,-0.584364,0.00013911
17,-0.585118,-0.584408,0.000137987
18,-0.584533,-0.584415,0.00013028
19,-0.58338,-0.584361,0.000134736
20,-0.585436,-0.584415,0.000138672
1,-0.517177,-0.517177,0
2,-0.516331,-0.516754,0.0004228
3,-0.515474,-0.516327,0.000491676
4,-0.516516,-0.516374,0.000350856
5,-0.517075,-0.516515,0.000305786
6,-0.517064,-0.516606,0.000265937
7,-0.51603,-0.516524,0.000239373
8,-0.516512,-0.516522,0.000207308
9,-0.516858,-0.51656,0.000186586
10,-0.516207,-0.516524,0.000170567
11,-0.516286,-0.516503,0.000155792
12,-0.515836,-0.516447,0.000152685
13,-0.515934,-0.516408,0.000145899
14,-0.516919,-0.516444,0.000139931
15,-0.517046,-0.516484,0.000136316
16,-0.515697,-0.516435,0.000136681
17,-0.515219,-0.516364,0.000146968
18,-0.515758,-0.51633,0.000142583
19,-0.51656,-0.516342,0.000135413
20,-0.517162,-0.516383,0.000134853
1,-0.517029,-0.517029,0
2,-0.517574,-0.517301,0.000272684
3,-0.517769,-0.517457,0.000221511
4,-0.517761,-0.517533,0.000174089
5,-0.518038,-0.517634,0.00016847
6,-0.517085,-0.517543,0.000165202
7,-0.516993,-0.517464,0.000160219
8,-0.516851,-0.517387,0.000158501
9,-0.518133,-0.51747,0.000162493
10,-0.518383,-0.517562,0.000171614
11,-0.517409,-0.517548,0.00015585
12,-0.519442,-0.517706,0.000212524
13,-0.518286,-0.51775,0.000200536
14,-0.517894,-0.517761,0.000185946
15,-0.517684,-0.517755,0.000173181
16,-0.516514,-0.517678,0.000179628
17,-0.517666,-0.517677,0.000168732
18,-0.517468,-0.517666,0.000159508
19,-0.518079,-0.517687,0.000152442
20,-0.518491,-0.517728,0.000150103
1,-0.462614,-0.462614,0
2,-0.461745,-0.462179,0.0004344
3,-0.461854,-0.462071,0.000273172
4,-0.462465,-0.462169,0.000216811
5,-0.461952,-0.462126,0.000173478
6,-0.462516,-0.462191,0.000155852
7,-0.461528,-0.462096,0.000162231
8,-0.461283,-0.461995,0.0001734
9,-0.461982,-0.461993,0.00015293
10,-0.462372,-0.462031,0.000141932
11,-0.462007,-0.462029,0.000128401
12,-0.461538,-0.461988,0.000124159
13,-0.461939,-0.461984,0.000114272
14,-0.462438,-0.462017,0.000110657
15,-0.462061,-0.46202,0.000103058
16,-0.462297,-0.462037,9.79458e-05
17,-0.461737,-0.462019,9.36828e-05
18,-0.462334,-0.462037,9.00431e-05
19,-0.461597,-0.462014,8.82644e-05
20,-0.462078,-0.462017,8.37975e-05
1,-0.463608,-0.463608,0
2,-0.462557,-0.463082,0.000525336
3,-0.463731,-0.463299,0.000372585
4,-0.4641,-0.463499,0.00033101
5,-0.462933,-0.463386,0.000280272
6,-0.462534,-0.463244,0.000269327
7,-0.46283,-0.463185,0.00023517
8,-0.462863,-0.463144,0.000207596
9,-0.463856,-0.463223,0.000199402
10,-0.462879,-0.463189,0.000181651
11,-0.463274,-0.463197,0.00016449
12,-0.462914,-0.463173,0.00015199
13,-0.461415,-0.463038,0.000194511
14,-0.462827,-0.463023,0.000180709
15,-0.461909,-0.462949,0.000183893
16,-0.463177,-0.462963,0.000172609
17,-0.463444,-0.462991,0.000164589
18,-0.462865,-0.462984,0.000155335
19,-0.462689,-0.462969,0.000147751
20,-0.462666,-0.462954,0.000140983
1,-0.417157,-0.417157,0
2,-0.417418,-0.417287,0.0001304
3,-0.417993,-0.417522,0.000246956
4,-0.417654,-0.417555,0.000177678
5,-0.417654,-0.417575,0.000139029
6,-0.417082,-0.417493,0.000140082
7,-0.417466,-0.417489,0.000118455
8,-0.416903,-0.417416,0.000126032
9,-0.417751,-0.417453,0.000117234
10,-0.417538,-0.417462,0.000105205
11,-0.417601,-0.417474,9.60001e-05
12,-0.417126,-0.417445,9.23246e-05
13,-0.417533,-0.417452,8.51936e-05
14,-0.417609,-0.417463,7.96664e-05
15,-0.416551,-0.417402,9.58969e-05
16,-0.418249,-0.417455,0.000104143
17,-0.416762,-0.417414,0.000105975
18,-0.41704,-0.417394,0.000102057
19,-0.417881,-0.417419,9.98827e-05
20,-0.41758,-0.417427,9.50972e-05
1,-0.417698,-0.417698,0
2,-0.418145,-0.417922,0.000223276
3,-0.418087,-0.417977,0.00014027
4,-0.417383,-0.417828,0.000178482
5,-0.418124,-0.417887,0.000150324
6,-0.417381,-0.417803,0.000148968
7,-0.417756,-0.417796,0.000126081
8,-0.418519,-0.417887,0.000141715
9,-0.417454,-0.417839,0.000133913
10,-0.417738,-0.417829,0.000120196
11,-0.417243,-0.417775,0.000121055
12,-0.418296,-0.417819,0.00011871
13,-0.417362,-0.417784,0.000114698
14,-0.417606,-0.417771,0.00010694
15,-0.417789,-0.417772,9.95633e-05
16,-0.417905,-0.41778,9.35049e-05
17,-0.418153,-0.417802,9.05249e-05
18,-0.417254,-0.417772,9.06124e-05
19,-0.417994,-0.417784,8.65011e-05
20,-0.418216,-0.417805,8.4865e-05
1,-0.380621,-0.380621,0
2,-0.380058,-0.38034,0.0002812
3,-0.380448,-0.380376,0.000166323
4,-0.380353,-0.38037,0.000117748
5,-0.380812,-0.380458,0.000127017
6,-0.380062,-0.380392,0.000122929
7,-0.380002,-0.380337,0.00011789
8,-0.379759,-0.380265,0.000125037
9,-0.379978,-0.380233,0.000114788
10,-0.380554,-0.380265,0.00010757
11,-0.380267,-0.380265,9.73007e-05
12,-0.380127,-0.380253,8.95616e-05
13,-0.379326,-0.380182,0.000108962
14,-0.380578,-0.38021,0.000104775
15,-0.379362,-0.380154,0.000112741
16,-0.380532,-0.380178,0.000108074
17,-0.380522,-0.380198,0.000103525
18,-0.380493,-0.380214,9.89703e-05
19,-0.380051,-0.380206,9.40089e-05
20,-0.379419,-0.380166,9.74686e-05
1,-0.380317,-0.380317,0
2,-0.380083,-0.3802,0.00011742
3,-0.379978,-0.380126,0.000100428
4,-0.379561,-0.379985,0.000158017
5,-0.381617,-0.380311,0.000348719
6,-0.38068,-0.380373,0.000291274
7,-0.380447,-0.380383,0.000246403
8,-0.381187,-0.380484,0.000235846
9,-0.380941,-0.380535,0.000214123
10,-0.380571,-0.380538,0.000191551
11,-0.379198,-0.380416,0.000211808
12,-0.380876,-0.380455,0.000197106
13,-0.381207,-0.380513,0.000190328
14,-0.379879,-0.380467,0.000181925
15,-0.380439,-0.380465,0.000169374
16,-0.380357,-0.380459,0.000158579
17,-0.380331,-0.380451,0.00014915
18,-0.380802,-0.380471,0.000141963
19,-0.380645,-0.38048,0.000134598
20,-0.381178,-0.380515,0.000132381
1,-0.348526,-0.348526,0
2,-0.348049,-0.348288,0.0002388
3,-0.34853,-0.348368,0.000159736
4,-0.348367,-0.348368,0.000112951
5,-0.347982,-0.348291,0.000116629
6,-0.349398,-0.348475,0.000207703
7,-0.347974,-0.348404,0.000189617
8,-0.348504,-0.348416,0.000164691
9,-0.348871,-0.348467,0.000153787
10,-0.348712,-0.348491,0.000139719
11,-0.349646,-0.348596,0.00016431
12,-0.348703,-0.348605,0.000150258
13,-0.348351,-0.348586,0.000139592
14,-0.348545,-0.348583,0.00012927
15,-0.347498,-0.348511,0.000140389
16,-0.347439,-0.348444,0.000147406
17,-0.3491,-0.348482,0.000143748
18,-0.348167,-0.348465,0.000136651
19,-0.348486,-0.348466,0.000129264
20,-0.348095,-0.348447,0.000124023
1,-0.348563,-0.348563,0
2,-0.348767,-0.348665,0.00010198
3,-0.349465,-0.348932,0.000273093
4,-0.348949,-0.348936,0.000193158
5,-0.348996,-0.348948,0.000150097
6,-0.349042,-0.348964,0.000123545
7,-0.348402,-0.348883,0.000131697
8,-0.348772,-0.348869,0.000114904
9,-0.348173,-0.348792,0.000127501
10,-0.348679,-0.348781,0.000114598
11,-0.349078,-0.348808,0.000107127
12,-0.34803,-0.348743,0.00011733
13,-0.348676,-0.348738,0.000108051
14,-0.348793,-0.348742,0.000100113
15,-0.349469,-0.34879,0.000105057
16,-0.349081,-0.348808,9.9936e-05
17,-0.349175,-0.34883,9.63173e-05
18,-0.348247,-0.348798,9.64084e-05
19,-0.348223,-0.348767,9.60774e-05
20,-0.348964,-0.348777,9.16752e-05
1,-0.321575,-0.321575,0
2,-0.320979,-0.321277,0.000298
3,-0.322314,-0.321623,0.000386177
4,-0.320647,-0.321379,0.000366156
5,-0.32193,-0.321489,0.00030425
6,-0.32188,-0.321554,0.00025682
7,-0.321377,-0.321529,0.000218528
8,-0.320583,-0.321411,0.000223138
9,-0.321564,-0.321428,0.000197525
10,-0.320576,-0.321343,0.000196131
11,-0.322344,-0.321434,0.000199403
12,-0.322073,-0.321487,0.000189663
13,-0.321386,-0.321479,0.000174638
14,-0.321198,-0.321459,0.000162929
15,-0.321259,-0.321446,0.000152262
16,-0.321221,-0.321432,0.00014312
17,-0.32182,-0.321454,0.000136365
18,-0.320526,-0.321403,0.000138519
19,-0.321766,-0.321422,0.000132415
20,-0.320552,-0.321379,0.000132939
1,-0.32165,-0.32165,0
2,-0.321275,-0.321463,0.000187664
3,-0.321724,-0.32155,0.00013914
4,-0.322691,-0.321835,0.000301745
5,-0.321518,-0.321772,0.000242198
6,-0.32149,-0.321725,0.000203236
7,-0.321679,-0.321718,0.000171888
8,-0.321579,-0.321701,0.000149871
9,-0.321777,-0.321709,0.000132445
10,-0.32301,-0.321839,0.000175925
11,-0.322208,-0.321873,0.000162623
12,-0.321452,-0.321838,0.000152533
13,-0.321795,-0.321835,0.000140349
14,-0.322286,-0.321867,0.000133882
15,-0.322698,-0.321922,0.000136392
16,-0.321392,-0.321889,0.000131823
17,-0.321724,-0.321879,0.000124207
18,-0.321291,-0.321847,0.000121579
19,-0.32217,-0.321864,0.000116258
20,-0.322112,-0.321876,0.000110987
