PI
3
2.1
2.2
2.4
4.32
3.85
3.64286
3.6875
3.54444
3.59
3.41948
3.46786
3.50879
3.68673
3.64095
3.53839
3.4479
3.38968
3.31654
3.21738
3.1458
3.18463
3.1766
3.16925
3.16248
3.19469
3.15044
3.10935
3.03975
3.03843
3.03719
3.06728
3.15615
3.41626
3.49008
3.44869
3.51764
3.50402
3.45813
3.44668
3.387
3.33493
3.29724
3.26776
3.23324
3.20643
3.26587
3.24783
3.30399
3.28591
3.28031
3.27492
3.24143
3.22585
3.22174
3.27135
3.31922
3.31372
3.28661
3.2604
3.30532
3.30039
3.27521
3.27091
3.26675
3.24755
3.24386
3.21576
3.19814
3.18674
3.166
3.1637
3.15323
3.13765
3.14915
3.14719
3.18424
3.22034
3.25552
3.25233
3.26156
3.25837
3.23976
3.22977
3.2153
3.2128
3.20345
3.19432
3.17529
3.15482
3.16411
3.19493
3.17671
3.15452
3.14237
3.1513
3.16005
3.16862
3.15681
3.18525
