err_pi
0
0.9
0.52915
0.424264
1.94792
1.65846
1.41688
1.22787
1.09228
0.978031
0.900946
0.823869
0.758954
0.724836
0.676337
0.640915
0.608798
0.576925
0.550596
0.53167
0.510759
0.488535
0.46688
0.447065
0.428863
0.413295
0.400147
0.387775
0.380583
0.36768
0.355624
0.345644
0.346593
0.425111
0.419335
0.409617
0.404316
0.393768
0.386274
0.376668
0.372181
0.366925
0.360267
0.353217
0.347
0.34043
0.338369
0.331736
0.329714
0.323558
0.3172
0.311087
0.306993
0.301657
0.29615
0.295015
0.29372
0.288664
0.285022
0.281454
0.280421
0.275905
0.272655
0.268395
0.264267
0.260939
0.257041
0.254787
0.251685
0.248325
0.245679
0.242254
0.239142
0.236402
0.233512
0.230427
0.230413
0.230287
0.23006
0.227188
0.224556
0.221823
0.219923
0.217519
0.215431
0.212926
0.210671
0.208464
0.206985
0.205693
0.203632
0.203752
0.202372
0.201433
0.199672
0.197783
0.195928
0.194108
0.1925
0.192674
